1111111110011011010111
0000001110011011010111
0000001110011011010111
0000001110011011010111
0000001110011011010111
0000001110011011010111
0000001110011011010111
0000001110011011010111
0000001110011011010111
0000001110011011010111
0000001110011011010111
0000001110011011010111
0000001110011011010111
0000001110011011010111
0000001110011011010111
0000001110011011010111
0000001110011011010111
0000001110011011010111
0000001110011011010111
0000001110011011010111
0000001110011011010111
0000001110011011010111
0000001110011011010111
0000001110011011010111
0000001110011011010111
0000001110011011010111
0000001110011011010111
0000001110011011010111
0000001110011011010111
0000001110011011010111
0000001110011011010111
0000001110011011010111
0000001110011011010111
0000001110011011010111
0000001110011011010111
0000001110011011010111
0000001110011011010111
0000001110011011010111
0000001110011011010111
0000001110011011010111
0000001110011011010111
0000001110011011010111
0000001110011011010111
0000001110011011010111
0000001110011011010111
0000001110011011010111
0000001110011011010111
0000001110011011010111
0000001110011011010111
0000001110011011010111
0000001110011011010111
0000001110011011010111
0000001110011011010111
0000001110011011010111
0000001110011011010111
0000001110011011010111
0000001110011011010111
0000001110011011010111
0000001110011011010111
0000001110011011010111
0000001110011011010111
0000001110011011010111
0000001110011011010111
0000001110011011010111
0000001110011011010111
0000001110011011010111
0000001110011011010111
0000001110011011010111
0000001110011011010111
0000001110011011010111
0000001110011011010111
0000001110011011010111
0000001110011011010111
0000001110011011010111
0000001110011011010111
0000001110011011010111
0000001110011011010111
0000001110011011010111
0000001110011011010111
0000001110011011010111
0000001110011011010111
0000001110011011010111
0000001110011011010111
0000001110011011010111
0000001110011011010111
0000001110011011010111
0000001110011011010111
0000001110011011010111
0000001110011011010111
0000001110011011010111
0000001110011011010111
0000001110011011010111
0000001110011011010111
0000001110011011010111
0000001110011011010111
0000001110011011010111
0000001110011011010111
0000001110011011010111
0000001110011011010111
0000001110011011010111
0000001110011011010111
0000001110011011010111
0000001110011011010111
0000001110011011010111
0000001110011011010111
0000001110011011010111
0000001110011011010111
0000001110011011010111
0000001110011011010111
0000001110011011010111
0000001110011011010111
0000001110011011010111
0000001110011011010111
0000001110011011010111
0000001110011011010111
0000001110011011010111
0000001110011011010111
0000001110011011010111
0000001110011011010111
0000001110011011010111
0000001110011011010111
0000001110011011010111
0000001110011011010111
0000001110011011010111
0000001110011011010111
0000001110011011111000
0100011110100110010010
0001011110001100111101
1011101010001010000110
1101000110001111110001
0001011000010101101011
1111010101010000010100
1011111001000100100101
0011111010001000001110
0001100101100101000111
0010111010000000101101
0011101011001110011111
1100110011010100110110
0000010010110110110010
0000011010010101111010
1110110001001101000010
0111100101010110001101
1110011101111011111111
0111011100110111000101
0100100111000111011010
1011100100110000011000
0111010010001101011011
1110110011000101110000
0100001111100000000010
0111101000101010110010
1111101011000011100111
1111001010100000101011
1110000100010000001100
0000101010001111110011
0000011111001011101000
1110100011101110101001
0001000101011000001000
1000011110010110100110
1010010100101101000010
1001100011011001000110
1111010101001011011110
1011101101101110101101
1100010011011000010100
1000110100000111101001
1111000001000010000100
1000101110011110001000
0110100110011010001101
1111000011100111101001
1011011000001100010000
1011001010001101101011
1111111000000000010111
1100011000011000011110
1110111001101111001000
0000011100000001001000
0100000001011000100000
0011100110101101101101
1010000001010011001001
1001000011111011011111
1011100101100100011001
0000010100011111110101
1010001011101001011100
1111101111000001000011
0011111110001011011101
0101111011111100000101
0010011000000001010101
0011011100110010100101
0001111101100000010000
1001001100001101001110
1000100101100100001001
1000010001000001000111
1111000111101000000010
1010000011010101111111
1010011001011000000001
0101111111010011100001
1101101011001101101011
1100110100100100110001
0011110001100100010111
1111001011011101101000
0110101100011011110100
0101011000111010011111
0100011001111111101011
1110110000110011011101
0101011010111110010100
0011000100100001100111
1100000100000111010001
0110011111010111101011
1011101000010110000110
0000110111101010000101
1001000010101011100011
0110001110010010101001
1001011110001010100110
0110100000101101011111
1010011111000011000001
0111000100010100110010
0110100011110001101111
0010010010001000011111
1010101101100111101011
1010111111011001100100
0010001011100100100000
1100011111011001000001
0100001011011001100111
1001011001100001000001
0010000101101111110101
0110111010110010000101
0101100111110001001101
0000011100010110001111
0010010101000101011011
1000011001010001010110
1000101010100110010010
0111100101111010011100
0101011011000010010001
0011001010111111000111
0011001000001110011110
1000010100111010000111
0001100101110111110111
0001010110111000000011
0000001101011110011010
1001001111111011001011
0111011110000111000010
1111101100111110011101
0111011101111111110110
0100001011010001111101
1100100110100111010110
0111001011101100000100
1001100111010010100000
1001001101001101111011
0010010100110001111010
0110001110111100111000
1111100101000111000010
0100100101000111100111
1011101101011101010000
0100000001011111011100
0001111010011110000101
0110111011001110011111
1000011001000111011000
1001011101100000100110
0011010111000011000111
0111010000110001010110
1001000111001010100101
0110001010101100100111
1000111100010000011111
1101010101111110011110
1101001110010101100111
0000010001000100100001
0000000000000000000000
0011010111111010011100
1100001111111111111111
1111110111100101011011
0000010000100001101010
0000000011011000000001
0011011100001001100010
1110011000010001111011
1110010000001100100111
1001100100100001000011
1110001101111100100100
0011100110000011011100
1111111000011000110100
1000101011101001000110
1001111000110010010001
0101011111001001111011
1011111001000000000111
0001000100111100100111
0011110001000000110101
1101100100100100111010
1010001000010011110010
0000000010101011000101
0010000011000110011010
0100001011001011100011
0100011001110100001110
0001100100110110000010
1010010010101101110001
0101000111010000011101
0100011011000110100010
0010100000100101010010
0011100110001100000100
1001101011000010100000
0000100101011110100001
1110010101100010101111
0001111100000100011110
1010000011010101011000
1100101000100111110011
1011110011010110101100
0011001111000111010000
1100001000111110010011
0001100101110000001110
0101111100111000111110
0011100110100000010110
0000000010111010001110
1100100110100110110100
0110010110111100001000
0010001010001101011001
1100011001111111101100
0000001000010101100100
0110010110001101101001
0001010110101101001110
1110111111000110101100
0000000010001100000101
0010100111010010111101
0011100101011110101100
0011110010100011100010
1011010100010011110010
0001110101100100101001
1101001101100100001010
0001100101100101111100
1100110101000101101000
0110110000011110110101
1001111010010001001001
1010110111000110000110
0111010100000010111110
0110111110010110000111
0111101111111011111101
1100100111010111100001
0110101000101011101100
1000100110010101000111
1001101010110110011111
0001101011110000010011
1001000011011000111111
0111100011110000011011
0001000100010000110001
0010100111011111010110
0100000011101000001101
1010101000111101010011
0101111111010100100101
1000101101010100110010
0001101001111101110110
0111011010101001001111
1001101101111101010000
1011110111010111001101
1100101101101111010011
1101011101001010110001
0111101001110001100111
0110110000111010100000
0010111101110011010010
1011011011101111001110
1110000011101010101011
0001111000111110111001
1000110100011001101010
0000011110100111000011
0011011101011101001100
1110101111011001100110
1110101010000010010111
0111001011010111110000
1110010101011011110011
0100000011111011101010
0111011100001001010001
1001101100101001000100
0010010001111111011101
0010111101010111011100
1110101110011000100111
0001000111010111000100
0010011111100010111011
1101010001011111000100
0011000011011011111000
0001010100100101111010
1010011100011000011100
0001110100001111100111
0001110100101111101111
1011110101101010011001
1011011100010100011001
0001111001010100110101
1010110110100000101000
1111010100100100100111
0000000000011111111101
1011101001000001101010
1011000000110011100111
0110010110010101101010
0010110010101000111100
0110101000110000010100
1001011100100110101010
0000011111110101010010
0101001101101110000011
1001001001100010010010
1110100100011110001000
1001100001011000110100
0000011101001011111001
1001101101101110001011
1000100100110110010111
0000000011110000110011
0111110000010001011111
1111011101010100011110
0011000111011101110110
0100001010111010100100
0000001100001101011000
0010011110101001110011
0101001101001010011011
0100111111001101001100
0001010001111000101000
1110011000100000111010
1000011010001101010001
0000100100010111111011
0010100000100011001101
0010101111000000110000
0100010101110011010000
0001000001101010110111
1101000000011100100110
1110011110110100110000
1010001101111001100000
0100101000001000001111
0110110101110010101110
0101000110101001100110
1001011111101001100111
0100110110111100000001
0010110101101001010101
0110010001000110101100
0000000011101111010111
1111001111101100100101
1110001101011001100001
0000111001011000101001
1111111100010010000001
1100110010110101110011
1110100011010110011000
1111110000001000010000
1110110001100100110011
0000000000110011100000
0110011111110010000010
1011010110111001111111
1010010000010000100100
1110110011011011100111
0000100000000001010011
1100001110110010011101
1010101010101100010011
1001110010101011011100
1000000110111101010010
1001101100010000000101
1010010000010000110010
0000111111010001000011
0010101101100100010110
1000100101000001110101
1111100011001001000000
0000010100110010101110
0110010100000011110111
0110111110010010111110
1010111001100100110000
1101010111111111100110
1111110000110011110000
0111000111101010000011
0110100100110100100100
1111010010111101110010
1100101010100100101000
0011111010110101100000
1101111111000001111111
1000010101111111100101
0111111001110011101001
1111101000010100100101
0011111011001001000001
1000101110110010000100
0111001110100110101111
0111101000010101100101
0110010001110101101100
0001101101100011100110
1101010101101111000000
0101111000100101001110
1001010011111010110010
1001000011101001101100
0011010010001011110111
1110111111011010010110
0111011001100010110111
1101011011010011111000
1010100010110001111100
0011001011101001101010
1110101011110111111000
1111101000101101101000
0111110010101011111001
1010111011001111001100
0110101101100011111101
1001000011100111110000
1101111001111001101011
1110010010110011101000
0011100001011001001001
0000110100111001111101
0000001101011101010011
0100111101010111101000
1111001001111001100100
1001100110100010010100
0101010001101011000110
1001110000101000101110
1010100011100100011100
1001011100011001101110
0001000101001101000000
1001111001100000001110
1111101111001000110111
1010101000101110011110
0110110000101100100001
1100110011110101011100
0001011110110001100101
0111111110100111111111
0100101010110011011010
0100101001101010100011
0011111110001011111001
0111001011011011000000
1000100000000011000001
0000011000100010111111
0010110001100001101111
0101010100111101010000
1001000110011101011111
0111011110000001100111
1110011011101011111110
0101101001001000010100
0101011011110001101011
0110111011010000110101
0000111110111001000010
1101101111110110101101
1011000000001011001101
1010111100000010001111
1001011011100001011011
0110111000001010010101
0111000000010111001010
1011110001000001011001
1011111000111010010011
0010011111111010100100
0101100101101011010001
0100110011110001010010
0100000100101011011100
0001011111111111100111
1000110100101111010111
0000011100110101111001
1000111011000111101010
1000101001110100001101
0001000101000100101101
1101011110100010110111
0110111110000001010000
1011101101111100100110
0110110101101111101011
1101001101110010010011
1100110101100000001010
1000101111101111011101
0001100010111101010001
0100010111011111010100
1001111101010101101000
0010010100111110000111
0111010100111010110101
1000001000010111111101
0000111110010011111111
0000001101110110001011
0111010100011110111010
1110001100001100011011
0000100001000100000110
0111010001000001011110
1100011111100111101010
0100101010100101111101
0001001001110100100110
0110010001111001100011
0111010010101110000000
1111100010111111110011
1000001000010100101110
1000111010100110100001
1111101110100111110100
1011011111011001010001
1111110101010100100000
0011000111100001110010
0101010000111010111010
1010110010101100010000
0100001011000000000110
1001010111000111011010
1101010111100101000001
0111000110101001110110
1001000111000011010001
0011011101100100110001
0011111101011101110010
0010000100100111010010
0100010010001001011010
0011000000001001011111
0101001100000010010100
1010110101001101101100
0000100111000111110011
0110010100000111010011
1101000000110000001101
1111101000001011101110
0100000011100110000111
0111001101100001010100
0101010101110100111101
0110001011100011000010
0000001101100000100000
0011010001111100101001
0000010100011100000100
1101011100010111101010
0110101101101101001011
1011101101001010000010
0000100001100010010011
0111100100001101111111
0100111100101010010110
0111011111111111111110
0011001100010110000110
1011010010000000001111
0000000000000000000000
0010010110100011110101
0000111111111011111111
1110110111111111101100
0100001001100011111011
0011111111111111111111
1111100000000010100001
0111100000000000000000
0000000000000011011000
1110110101111011111111
1111111111111111111100
0111011110111100000100
0010111110010101000010
0011010100100010010100
1100100110110101011011
1100001111110000101001
0010111100011101001001
1000000001101000110101
0000011101110111000001
1000111111110000100101
0101100101101010011101
1101110100111111110110
0000110011010000111110
0001101000010111001110
0111111001101000110110
0110010010001110000110
1111110011000111100101
1000001101101000100100
0100100100001001011000
0110110000111010110001
1001100011101010000111
0000110011011001011110
1101001101011101000001
1010111010010101011011
0111001111000001111001
1111101100010011110001
0010000001001010111001
1000100101110111000101
1000011110000100011110
1110101011111111101000
1110001100101010000110
0101000100011011110111
0111011011011111001001
0110100010010110110010
1100100000011001000101
0001100110101101001101
1100111000011010001000
1100101110110011011100
1000001000001101111101
1010101010101111111010
1101000101100110100010
0110010000110001010100
0000111101100100000010
0010010101110011100011
0101101110001011011111
1000101101000100101001
0101101111000001000100
0101110001010110000111
0001110101101110100000
1000000001101111010010
1010111110010001010111
1010110011111000000001
1110111101001011000110
0011110110001101000001
0110100111010100000111
0110000110010101111101
1110110100011101000110
1001000001010111110101
1101010100111111110101
1011010010110011101011
0110100111010100001011
0110001101010011001110
0000100001001011101110
0001011011000101110011
0101111101110110011000
0100011001100101000001
0000010110111111000100
0000110001110110000001
0111011001110111111111
1101111111101100111101
1111111111111111111111
0110111110110000000000
0000010100000000001000
0001000100111101000101
0110110110010001111011
1110001111011001010010
0111110010110011000001
1001100001110011011111
0100001010000110011011
0111101100011010100010
0110010101001101001110
1111111101101111011101
1010100010111110111111
1100111110111111111111
1101110011100001000000
0000100000001011000110
011  