11111011100111101100011010101001111001000010110010001101110101111010100101100000010011011011010010000001101100101011001100111111100111001101011100101101000000010111010011100010100110100110000111000001000101111100101001001000100111110100101000001010101011111101011010100001101000100011111100011000101101100001010001010111011011110011000111101000010010011001011110001000011110000000001111100001000001110100011001101111101101011000100101110000110000011001001110101011011100011100100101010001110110011101110111111110

01110011110110001101010100111100100001011001000110111010111101010010110000001001101101101001000000110110010101100110011111110011100110101110010110100000001011101001110001010011010011000011100000100010111110010100100100010011111010010100000101010101111110101101010000110100010001111110001100010110110000101000101011101101111001100011110100001001001100101111000100001111000000000111110000100000111010001100110111110110101100010010111000011000001100100111010101101110001110010010101000111011001110111011111111011111

01110011110110001101010100111100100001011001000110111010111101010010110000001001101101101001000000110110010101100110011111110011100110101110010110100000001011101001110001010011010011000011100000100010111110010100100100010011111010010100000101010101111110101101010000110100010001111110001100010110110000101000101011101101111001100011110100001001001100101111000100001111000000000111110000100000111010001100110111110110101100010010111000011000001100100111010101101110001110010010101000111011001110111011111111000001

01110011110110001101010100111100100001011001000110111010111101010010110000001001101101101001000000110110010101100110011111110011100110101110010110100000001011101001110001010011010011000011100000100010111110010100100100010011111010010100000101010101111110101101010000110100010001111110001100010110110000101000101011101101111001100011110100001001001100101111000100001111000000000111110000100000111010001100110111110110101100010010111000011000001100100111010101101110001110010010101000111011001110111011111111011111

01111110001100001001110010101011000011011110100110111001000101000010101101001111110110010010010110111111001001101010011001100000001100011001010001101001011111110100010110001110101100101100111100011111011101000001101011011011101100000101101011111010101010000001010010101111001011101110000001110011101001001111010111010100010010000110011100001011110110110011010000111011110000111111111000001111011111000101110011001000001001010011101101000111100111110011011000101010010001110001101101010111000100110001000100000000

11111011100111101100011010101001111001000010110010001101110101111010100101100000010011011011010010000001101100101011001100111111100111001101011100101101000000010111010011100010100110100110000111000001000101111100101001001000100111110100101000001010101011111101011010100001101000100011111100011000101101100001010001010111011011110011000111101000010010011001011110001000011110000000001111100001000001110100011001101111101101011000100101110000110000011001001110101011011100011100100101010001110110011101110111111110

01110011110110001101010100111100100001011001000110111010111101010010110000001001101101101001000000110110010101100110011111110011100110101110010110100000001011101001110001010011010011000011100000100010111110010100100100010011111010010100000101010101111110101101010000110100010001111110001100010110110000101000101011101101111001100011110100001001001100101111000100001111000000000111110000100000111010001100110111110110101100010010111000011000001100100111010101101110001110010010101000111011001110111011111111000001

11111011100111101100011010101001111001000010110010001101110101111010100101100000010011011011010010000001101100101011001100111111100111001101011100101101000000010111010011100010100110100110000111000001000101111100101001001000100111110100101000001010101011111101011010100001101000100011111100011000101101100001010001010111011011110011000111101000010010011001011110001000011110000000001111100001000001110100011001101111101101011000100101110000110000011001001110101011011100011100100101010001110110011101110111111110

01111110001100001001110010101011000011011110100110111001000101000010101101001111110110010010010110111111001001101010011001100000001100011001010001101001011111110100010110001110101100101100111100011111011101000001101011011011101100000101101011111010101010000001010010101111001011101110000001110011101001001111010111010100010010000110011100001011110110110011010000111011110000111111111000001111011111000101110011001000001001010011101101000111100111110011011000101010010001110001101101010111000100110001000100000000

11111011100111101100011010101001111001000010110010001101110101111010100101100000010011011011010010000001101100101011001100111111100111001101011100101101000000010111010011100010100110100110000111000001000101111100101001001000100111110100101000001010101011111101011010100001101000100011111100011000101101100001010001010111011011110011000111101000010010011001011110001000011110000000001111100001000001110100011001101111101101011000100101110000110000011001001110101011011100011100100101010001110110011101110111111110

00000100011000010011100101010110000110111101001101110010001010000101011010011111101100100100101101111110010011010100110011000000011000110010100011010010111111101000101100011101011001011001111000111110111010000011010110110111011000001011010111110101010100000010100101011110010111011100000011100111010010011110101110101000100100001100111000010111101101100110100001110111100001111111110000011110111110001011100110010000010010100111011010001111001111100110110001010100100011100011011010101110001001100010001000000001

00000100011000010011100101010110000110111101001101110010001010000101011010011111101100100100101101111110010011010100110011000000011000110010100011010010111111101000101100011101011001011001111000111110111010000011010110110111011000001011010111110101010100000010100101011110010111011100000011100111010010011110101110101000100100001100111000010111101101100110100001110111100001111111110000011110111110001011100110010000010010100111011010001111001111100110110001010100100011100011011010101110001001100010001000000001

01111110001100001001110010101011000011011110100110111001000101000010101101001111110110010010010110111111001001101010011001100000001100011001010001101001011111110100010110001110101100101100111100011111011101000001101011011011101100000101101011111010101010000001010010101111001011101110000001110011101001001111010111010100010010000110011100001011110110110011010000111011110000111111111000001111011111000101110011001000001001010011101101000111100111110011011000101010010001110001101101010111000100110001000100000000

00000100011000010011100101010110000110111101001101110010001010000101011010011111101100100100101101111110010011010100110011000000011000110010100011010010111111101000101100011101011001011001111000111110111010000011010110110111011000001011010111110101010100000010100101011110010111011100000011100111010010011110101110101000100100001100111000010111101101100110100001110111100001111111110000011110111110001011100110010000010010100111011010001111001111100110110001010100100011100011011010101110001001100010001000000001

00000100011000010011100101010110000110111101001101110010001010000101011010011111101100100100101101111110010011010100110011000000011000110010100011010010111111101000101100011101011001011001111000111110111010000011010110110111011000001011010111110101010100000010100101011110010111011100000011100111010010011110101110101000100100001100111000010111101101100110100001110111100001111111110000011110111110001011100110010000010010100111011010001111001111100110110001010100100011100011011010101110001001100010001000000001

00000100011000010011100101010110000110111101001101110010001010000101011010011111101100100100101101111110010011010100110011000000011000110010100011010010111111101000101100011101011001011001111000111110111010000011010110110111011000001011010111110101010100000010100101011110010111011100000011100111010010011110101110101000100100001100111000010111101101100110100001110111100001111111110000011110111110001011100110010000010010100111011010001111001111100110110001010100100011100011011010101110001001100010001000000001

00000010001100001001110010101011000011011110100110111001000101000010101101001111110110010010010110111111001001101010011001100000001100011001010001101001011111110100010110001110101100101100111100011111011101000001101011011011101100000101101011111010101010000001010010101111001011101110000001110011101001001111010111010100010010000110011100001011110110110011010000111011110000111111111000001111011111000101110011001000001001010011101101000111100111110011011000101010010001110001101101010111000100110001000100000000

00000010001100001001110010101011000011011110100110111001000101000010101101001111110110010010010110111111001001101010011001100000001100011001010001101001011111110100010110001110101100101100111100011111011101000001101011011011101100000101101011111010101010000001010010101111001011101110000001110011101001001111010111010100010010000110011100001011110110110011010000111011110000111111111000001111011111000101110011001000001001010011101101000111100111110011011000101010010001110001101101010111000100110001000100000000

00000100011000010011100101010110000110111101001101110010001010000101011010011111101100100100101101111110010011010100110011000000011000110010100011010010111111101000101100011101011001011001111000111110111010000011010110110111011000001011010111110101010100000010100101011110010111011100000011100111010010011110101110101000100100001100111000010111101101100110100001110111100001111111110000011110111110001011100110010000010010100111011010001111001111100110110001010100100011100011011010101110001001100010001000000001

00000100011000010011100101010110000110111101001101110010001010000101011010011111101100100100101101111110010011010100110011000000011000110010100011010010111111101000101100011101011001011001111000111110111010000011010110110111011000001011010111110101010100000010100101011110010111011100000011100111010010011110101110101000100100001100111000010111101101100110100001110111100001111111110000011110111110001011100110010000010010100111011010001111001111100110110001010100100011100011011010101110001001100010001000000001

01110011110110001101010100111100100001011001000110111010111101010010110000001001101101101001000000110110010101100110011111110011100110101110010110100000001011101001110001010011010011000011100000100010111110010100100100010011111010010100000101010101111110101101010000110100010001111110001100010110110000101000101011101101111001100011110100001001001100101111000100001111000000000111110000100000111010001100110111110110101100010010111000011000001100100111010101101110001110010010101000111011001110111011111111000001

11111011100111101100011010101001111001000010110010001101110101111010100101100000010011011011010010000001101100101011001100111111100111001101011100101101000000010111010011100010100110100110000111000001000101111100101001001000100111110100101000001010101011111101011010100001101000100011111100011000101101100001010001010111011011110011000111101000010010011001011110001000011110000000001111100001000001110100011001101111101101011000100101110000110000011001001110101011011100011100100101010001110110011101110111111110

11111011100111101100011010101001111001000010110010001101110101111010100101100000010011011011010010000001101100101011001100111111100111001101011100101101000000010111010011100010100110100110000111000001000101111100101001001000100111110100101000001010101011111101011010100001101000100011111100011000101101100001010001010111011011110011000111101000010010011001011110001000011110000000001111100001000001110100011001101111101101011000100101110000110000011001001110101011011100011100100101010001110110011101110111111110

11111011100111101100011010101001111001000010110010001101110101111010100101100000010011011011010010000001101100101011001100111111100111001101011100101101000000010111010011100010100110100110000111000001000101111100101001001000100111110100101000001010101011111101011010100001101000100011111100011000101101100001010001010111011011110011000111101000010010011001011110001000011110000000001111100001000001110100011001101111101101011000100101110000110000011001001110101011011100011100100101010001110110011101110111111110

01111101110011110110001101010100111100100001011001000110111010111101010010110000001001101101101001000000110110010101100110011111110011100110101110010110100000001011101001110001010011010011000011100000100010111110010100100100010011111010010100000101010101111110101101010000110100010001111110001100010110110000101000101011101101111001100011110100001001001100101111000100001111000000000111110000100000111010001100110111110110101100010010111000011000001100100111010101101110001110010010101000111011001110111011111111

11111011100111101100011010101001111001000010110010001101110101111010100101100000010011011011010010000001101100101011001100111111100111001101011100101101000000010111010011100010100110100110000111000001000101111100101001001000100111110100101000001010101011111101011010100001101000100011111100011000101101100001010001010111011011110011000111101000010010011001011110001000011110000000001111100001000001110100011001101111101101011000100101110000110000011001001110101011011100011100100101010001110110011101110111111110

