0001101010010010101110111000001111111010100000101101101110110011
0011111100100011111111100001001110001010001100110001111010010011
0111110000110011100111100000001001001110101000111110100010100010
0101110110100010000011000011001000011111101000100000101110000010
1000111010000011111111110011001011011101000000110001100000010010
1001101100000010100110011000001100001100101000100011111110100010
1100100010110011011011000000001010001001000000110101110100110010
0010100110000010010110100001001001001001100000111010100000010010
1010111000010011101010001001001001101110101100101000111100010010
1010110000000011000111100011001100111011001100101110100010000010
0010111100100010101010100001001101111110100000110011110010100011
0110100100010011010111010001001110001111100100101000110000110010
1100110000100011000110101000001010101010000100111110111000000010
0010111010110011011010010010001110011111000100100110111100010011
1001110010100011011111001011001001011001000000110000110000110010
0101101100100010110110011000001011111011100000101011110000100010
0000110100000011100011100010001111001000101100100011100010010011
0011100110010011110011001000001000011101100000111001110000000011
0001101010010011011111111010001000011100101000100100111100010011
1000110000110011100111101000001011101011100000110010101100010011
1100101010100010101010000011001001001110101000110011110110110011
1001100110110010011111111000001111001000001000100110100100110011
0000111100110011001010000011001000011000100100111001111100110010
1111110110110010111110010010001000101011001000101101100110100010
1111111100000010011011000010001100011101000000111101110010100011
0001111110000011100010011001001001001111000000110011100010010010
0110101110010010010110001010001010011110100000111110101000000010
1000100100010010011110011001001111001110101100111000100000110010
0110111010100011011011010001001010001110100100110011101110010011
1101101100100010001111110011001000001111101000110001101010100011
0001111110010010100011000000001010111110000101111000111010010111
0110111110110011111010010001011111011101000000100101111100100110
0000100100100010110010010000011100001100000100111111100110100110
0010111010010010010011111001011101001010101000100010101010000110
1101111110110011100010011001011011001111101000100110101100010111
1111100110110010110110010011011101011100000100100101100100110110
1010110110000011010010011011011111001111000000100110111100000111
0100100110110011000110100001011100111100101000101010100000110110
1111101000110011111010110011011100011110000100111000101100010111
1001101010100010011110011000011100011110100000101101110100000110
0100111110000011110010001011011101001111101100100011110000000111
0010110110000011010011011001011110011111001100111101111100000111
1111101110000010011110101001011011111001001000111001110100000110
0011101110010011001010001011011010001010001000100100110010000111
1001110100110010011010000011011001111101001000100011101000100110
0110101000010111111011101001011010001000000001111011100100110111
0110110010100111110111101001011111011011101001110111101010110111
0011111000000111111010100011011100111100101001101101111100110110
0011111100010111011110101000011101101011100000110010101100000111
1111100000110011100111100000011011011110000000110011111000110111
1101110010000010110010001000011000001011101000110110100110000111
1111110100100011000110100010011110011010000000110001110010000111
0111110100100010011010011001011101011001001100111011111100010110
1001101000110010110011100011011000001110000100111010101100010111
1000101000100011000010001000011000001100100100101000100110110111
0111100110100010110011110011011100101110100000110100100010010110
0000110000110010010110100010011110011010001100111100100000000111
1011110010110010001110011001011011001111100000101000110000100110
0000100100000011000111011000011110101010100000100101100100100111
1001101110010011010010001010011100101001101100110110101010010111
0001111100100011101110111011011111001101100100111001111100010111
0100110100110010100011110010011111111111001000100001101110110110
0011100010010011101111001000011000101100100000111011100000010110
0000100100110010011110000010011001011011100000100110101000010111
1111101110010011100110011011011011011011101000100101101110010110
1011111110000011101011010001011001011011001000100110111010100111
1011111010100011011010111001011111001110101000110001100100100110
0101110010000010001111111010011000011011101100111001111010010110
1110111000110011111011010001011000011110000000101110100010000111
1111110000100010001010100001011101101000101100111100100100000111
0111101110000011111010111001011001101100001000110101101100010110
0111110010010011000011101010011110001101100100111001100100100110
1101111110110010001110010000011110101100101000111000110100100111
0101100010000011001010001010011111111101100100110000111010110110
1100110010000010000010011010011100101100100100110001101000000111
0100111000010010100011000000011111011011000100111111101000010111
0110111010100011111111111000011110011111100100110110111000010110
0101111110100010111011001010011001101000000100111100110100000110
0011100000110010001011110000011000111111100000110111101100100110
1010110110100011101010100011011110011110000100110100110100000111
1011101110010010111011000011011001101111101100110000111010110111
1111101000000011010111010011011010101100001100110111100110100111
0000111000000011000110000010011001111111001100111110101010000110
1001110000010110110011011001011000011101101101111001101110100110
1010110000100110001110001011001101111111000001111010101000100111
0000110100110111110110001010011100101111001100110010101110100010
0011110000000110011110110001011110001010101101101100100010010011
1011100000010110011110110000001111111100100101101001110000000111
0011110000000010011011100000001110001000100000110110101100000010
1010101110010110000011000000001101101000000101100001100000010111
0000111100010111110011101011001110001001100100111000100100100010
0001111010110110111010001001011010011000001000100100111000010111
0110100010010111111111100011001100011000000001111010110110010010
0001100100010010011011111001011000111110101000100101110000000010
1001101100000010101011000001011111101110001000100101111000110011
1000111100110110101111011001011000001101100100110010101110100010
1010111000000110000110101001001111111000100001100101110000010011
0010100010110111011110110011001001011111000000101110101100010011
1010100100000011101010001010001101001001101100101100111000100111
1010111010000010010111011000011100111001101001111001100000100010
0110110110100010110011011010011101011010100001100101100000000010
0100110100000110010110010010011111101111000000101101100010000011
1011110100110111001111100010011111101101100001101001110110000010
0001101000100011010011000000011111011010001001100001111010110011
1110110100110111011111100010001100101101100000100010101110110111
0000111110110010110110010011001011101000100101101111111000000110
0000110000100111100010011011001011111001001101110000100010110110
0001100000010011101010000000011101111001101101111110110110000011
0001101000000010010010010011011001001011101100110110101000100011
1101101000110010101110000011001010111001000101100010101010010111
1101101100110011111011001010011101011001001101110011100010000011
1000110010100111001111100011011010101001101101110001110010100111
0000110100100011011111100000001101001000100101101110101000110010
1111110000000110100110010000011100001010001100111111110100110110
1011101110110011001011100010011100111011100000101101111000010011
0000100010010011100011101001011100001111001101100100101100110011
0010101100010011001110100011011110101110101001111011110010100010
1101111110110110001111000010011010101011000100111100101100100010
0100111110100111001011011010011110101101001001110000101110110011
1110100110000011011010010011011000101011001101110000111110000010
0111110000010111101110101010001111101101101100111111110000100111
0000110110110010111011001010001110111111100101110011111110110110
0011101010100110100110010001001000011011000101111111111110100111
0100100010010011011110110010011101101101100001110110110010010010
1000100010010011111011000001011111011001000100100100110100110010
1001110100110011110010101000001000011100000001110010101100000111
1001100000000010011010111000011110011101101101100111100010010011
0111101010000111010110111010011000111000000101111000101110110111
1100101000000010110010110011001101001001001001101000100100010011
1100101110000111010011100001011100001100000100101111100110100111
0001110000000011111110110011011100011101100100110001101010010011
0110110010010010001110100000011010101000100101111001110010010011
1111110110010010000010100011011111101000101001101001111110110011
0100101010000111000011000011011011101101000100100111111100110010
1000100010110110010110001001011101111010101101110110111110010010
0101100010110011110111000011011011001110101001111101101100110011
0111101110100111101110110001001010001111001100110100101000100110
0100100000000011100111000010001001001101001001111101100000010111
0111110000100110000111000001001100111010000101100110110100010111
1110100100010010101010110010011110111100101001100100111100110010
1111100110100010101010011001011001101100001100110100101010110011
1111111110110010011111100011001111001001001101110000111010000110
0010110110000011010111010001011101001100101001101000100110100010
1010111100000110111011011000011100001111101101111111100010110110
1101110000010010011111111010001001101101001001111011110110100011
0111111010110111101010010001011001011001000000110001111000110111
0111100000100010001111110001011110001101000000101000101100110011
1100100110010010000010101000011111011010101101111101101100100010
0001111110100010001011011000011010111001101101100110100100000010
1010100110000111000110100011011001001010001100100110111000100010
0000101100000111110110100010011010001001101101101101111000000010
0111100000010010101011000011011010101000000001100110101000000010
0111101100010111111111000001001000011001100000101000111000000111
0010101100100011011110111000001101011000000101110110101110100111
1100101110010110100110111001001111001001100101110000100110010110
1001100000010010111011101001011101111011101101110111110110010010
1100101000100011010011100000011110111100100100110000111110100010
0111111100010010010010111011001001001001100001101111100110100111
1100100110110010100110010011011101001101001001101111100000000011
1111101100010111010110101011011101111001000001101001101100110111
0011110100110010100110101011001001101010101001100001100100100010
0100101000100110001110100001011010111110001000101111111110000111
1110100000100010010111001000011111001001101100101010111110010010
0010100110000011000010101001001010011100001000110001101000110010
1100101100010110010010011010001101011000101001110101101010000011
0111100010000010111010100001011011101000100001101110101010000010
0111110100010111111110110001011010111100001101110111100010000010
0000111100110111101110001010001001111101100100101011100100110110
0100111000100110010011101011011100101000101101110000110110100011
1000110000110110110010110001011011111111000000110000101110000010
1001111000000110101011011011001101011111100001110010101000100011
1101111110110111001010010000011110011100001000110010110000100110
0111111110010010000010000011011001011111100000111110110000110010
1100101100100110101010000011011000011010101001111001111010010110
1110100110100011010110101010001101101000101101111101101100100011
0000110100000011111111101010011001011111001001100111110000110110
0011100110000011010110010001011011011011001101101111101110000111
1110100100000111001010100000001110111101001100101001111010110010
0000110000110110010110110011001010101100101100110110110110000111
1000100110110010011111101001001100111000101000110100110100100011
0011100000010110101011001000001111011011101101111100111010110010
0011111100000011110011111001011110011010001101110010101110110011
0100100110110111100010001001011001001000001101101101111010110010
0011110100000110010111111010001101011101101100100110100010110110
1011110000000110111010101000011110101011000001110110101110110010
1100111100100110101111110011011101101010100100100101101000110010
1011100100010111011110110001001011101111001101100110111000010010
0000111000010110011110000011011000001010100000111111111100010110
1001110100100010100111011010011000001110101000111010111000000011
1111110010100111001111100010011000101100100001111101100110100110
0101111010110010100111010000001001001111101001100111100100000011
0101111010010011010110000010011010111011100101111100111010110111
1000111010000011010110010010011011011100101001111100101010000110
0001101000010111011110110001001111111010000000100010101100000011
1011100000110111001010100010001100001010001000110010110110110110
0001111010010010111011011010001111111110001100101110111010100010
0000101100100111101010010001001010001011001001110111111110110011
0110110100110011100110001001011100001110101001101110101010110010
0110110010110111000111100001011100001001101101110001101110110010
1000111100100111100011110011001110001100100100110101110010000110
1001100110010111100111110001011101011110100101110101101010110011
1100110000100110011111110000011011011011001100110111110110010010
0111101000110110010111001001001100111001000101111000111000010010
1110100000010110111011110001011101001110001100111110101000100111
1101111110010011000010011011011000001101101000101101110100110011
0111100100110110111011101001011100001011101001100111110010110111
0001110110110010011111010001001011101001001001111000100000010011
1000101010000011010110110011011011001011100101101110110010010111
0011110010010011000111101000011110001011001001110100111010100110
1101110100010110010010111000001001101110101100110110111100110011
0111100010110111111010000000001111111110101100101100110000010111
0001101100100010111011100010001010101111100000100110110100100011
0010110110010110101011110010001100001110000001101110110010000010
0010100000010010001011100000011001111011101101100100111100010010
1101100110010111101010111010011111111011101101110000100010000010
1100111000100110111011001000001101011001101100100101101110100110
1001101100010110000110011000011110101110101001100000110000100010
0010100110010111001010100000011101011010100000111011101010000010
1101101010010111110010110001001101001111001101101111101100000011
1100100000110110001110100001011100001011000100101111111110110111
0111101000000011111110100011011001011011101100110011100100000010
0100100000110110011110101010011010101101001101111101101000110110
1000111010110011011011001010001011001100100001111101101000100010
0001101010100011010111100001011010101000000001100111101010100110
1110111000110011011010111010011100101010100001100111111010110110
0101101100000110101011010011001011111001100000111011101010100011
0010111010100111110010011010001011111100101100100001110010010110
0011101010010111111011101011011101011100001001111000110110100111
0110101110110110000010111010011001101000100001100110100110100110
1011101100010110100011110011011011001110100001100101110010000110
1011101010000111110010000010001101001100101101100111101110000011
1110101000000010011010001010001111101011100101110110111100000011
0010100010110010001010111011001001111101001101101111110010000010
1001101000110011111011100010011000001011100101101001101010010111
1000110000010010000010011010011100101000001000111000100000010010
0010111000110010110011111000011000101001001100110100101110000111
0000100000100011010110110010001110001110100100111000101110010011
1001110100010011000110111000001111001001100100111110101010000011
0110110010000110000110001000001011001000100001110010100010010010
1101100100100010010010110010011101101110101101100101101010100110
0100110110010011111010110010001110101000100101101000110000110111
0010100000010110100011110010001010111011000000100010110100100110
0111111010110111100010000001001101101100100101111110111100110111
0111110000000110010011001011011001101111100100100101100000110110
1101110010110110111010011011011111011110001001110001101110100011
1111110010000010100011111011001100111111000000110011111110000010
1010111000010111001111110000011011001101100001100101111110110111
0001100100100011010111101000001001001001000000111101111000000011
1101110100110110111111010010011101001000001101101001101110000011
1100100110100110001111101010001001101110100100101010110100000011
0111110010000011101011010000001000101111101001100101110000000110
0101110000110110001010011011001110001110000001101110101110100011
1001111110110110010111101011011111001010100001111001101010110010
0010100100000111011110100001011110011011001101100100110010100011
1001110000100010000011000011011101111101101101110101111000010111
0111101010110010111010101000011110111011001001101011110100010010
0010110010000110110010001000011010011001000101100001101110000011
0110111110110010101011010001001101011110001100111100111010010110
0111100010110011001110001000001001101011101001100100110010100010
1000101110000110101110011000001111101011101000100110101110110011
1100100010110111111110110000001001011101101101110100101110100011
1111110110110110001111000011001111101011101100110111100000010010
0111111100000011011010010011011000001101100101111110110000000011
1100100100010110111110001010001000011001101100101001110010010110
1111100110110110010111111011011100001111101101101111110100010110
0011101000100011101111011010011100011100001101100101101110000110
0011111110010111010110101010001111001100001100101101110110110011
1111100010100011011110111000001011001101000000101110101100110110
0000111100100010000010111000001111001001000000100110110010000111
1000100100010010010111100000001001101110001101100111100100110110
0100110110010110100111011001011111001110100000101010101100010111
0101110110100110111010011001011111101101000101100110101010000011
0100101000010011110011101000011000111000000100111001100110000111
0100111000010111010111011010001101001001101001100111100110010010
1011111100100110110011101000001110011100001000100110111100010011
1011100100000111110011011011001001001111000100100100110100100010
1110100010110110000110111001001110011100000001110000100010110110
0110111010100011010010001001011101011010001001111000110110010011
1011101010010010101110100000011001001110000101111110110000000110
1000111010000111000011101001011001101110101101111111110100000111
0110110000100010110010101010011100001000001000100101101000000111
0111110110000011011111100010001111001110100101111000100000000010
1010100000110010010111010000011110101001000100101101101000100011
0110100110100110010110111000011011011011100000100000100110100110
1001100010000010001110100010001100101000001001110011111010010011
0010111000010011101010000010001110011111100101111110100010110111
0111101110100111100110111000001011101100000001100010101000100010
0101100010110111110011101000011001101100000100111010110000100011
0010101000010111010010000010011001111010000100100110110000000010
1110110100010011100111011010001010011010100001100110101110110110
1101100000010111110011011011011001111010001000100111111000100111
1110111000000010010011000011011010101110100000110010100110000111
0000101100100011010111000010001000001101001001111001100010010010
1101111110110110110111110001011100111011100001101000110100000111
1001110000000010010010111000001100001111100001111100110000110111
0000101100000010110111000000001101001010101100100101101010000010
0011101010010110011111101001011111011100101000111010101000100110
1100111110100010010111000001001010101000000100111100110100110110
0011110010100010000110110010001110111000000001100110110100110110
1011111100000111000110101010001000101110001001100010110110010010
0101101110110010101010011010001111101110000001111111110100000110
0111111010110010101011000011011110101110001001110011110110000010
0011110010100010100010101001011000111011100000111001111110110110
0110100010110111010110100011011001001000000000100001110010010110
1101110110110111101010111010011010101011000001100010110110000011
1011101010010110111011110000011101101110001000110100100100000011
1100110010010111001110111000011110111010000101100101110110000110
0110111100010010010111011000001001011000100001111001100110110011
1000101010010011111111011010001100101111001001111011101110110010
1100101000000110000011111000001001101000101100111010111100000110
0011101110100011101110110010011000101000101000100101110100000110
0110111100000110001110110011001111111010101101111101111100000010
1001110100000010011111110010011011101111101001111000101100110110
0111110110110110010110011011001111101101001100110110101010010111
1001101110000011000011101000011001001000000100110110110100010110
0000111010100011100111000010001011101010000001111110110000110110
0100101100110010101010011001001110111010100101100100100100000011
0110110000110011101011000011001001001001000001101111111010000110
0001101000110110001011001001001101011111000000110111100010010110
1111101010000111100110011000001110011011101001110101100110110110
1111111110100011110010100010011101101100000101100110101000110011
1100100000100010010111110000001111001011100000100011111100010010
0010111110000110010010000000001000111011101100111000110100000010
1111100000010010101011111011001001001011001100111001110010110010
1100111110100110011010010000001100101010000101101001111110000011
0111101010110011100010110011011100011111001000100101110010010110
0010110010100110001111010001001110111001000001111100101100010011
1100111010010010000010110001001110011010100001101001101100010111
0101100100010010010011010001001011001001101100110100111110010011
1000111010100010011110101001011100111000101000110110100010000010
0001100010100011100010101000011011101010100001101010110000010011
0110100100010111111110100011011111001101000001100100100110010011
0110101000000010110111001011001101011011100001111101110010100011
0110110100110011000010111011011101001101101001100001111010000010
1100101110000011101010100001001011111111100001100000100110010011
1111110100000011100010010001011001011001001000110001111100110110
1101110110000110000010010011011011111000000101100001101100010011
0101111110000011000011110010001101011111100101101011110010010111
1110110000110011111110001010001101011000000100111000111110100111
1011100100000011000011000010011001111101100000111000100000110010
0111101100010110111111100010011000111110001101110000100010110110
0111110100100011000011100011001110111010100001111011110000110011
1101110100110110011111011010011111011010100100101011110100000011
0001111100010111010010010011001011001111000100110001101000010011
1010111010110110010111000001011000001010100100110100101110010010
0101100000010110101011100001011010011000101100101111110010010010
0001110100100111111011010011011011011000101101100010111100010110
0111111110110111100110101010001001001100000000101110100110000111
0111101000100010011111000011011000101111101100100011111010110010
1111110110100011101010011001001110011100100101100010101010100111
1001111100110110101010111000001100001110100100110011101110110011
1011101010110010011111101000011010011011000001100101111000100010
0100110110010011000011110000001101011101100001101001100010100011
1001110100110111111111010011011101011110101001101010101010110010
1010101000000010010011001001001100001010000001111100111000010010
0100110000100010111011110010001000101001000101110001101110100110
0001111100010110001011101011011111111101100001101011100000000010
1011111010110111000111011010011110111101000000111110101000000110
0110111010110111011110001000001011001110101000100111100110000110
1101111010010011011010011010011000011011001100100000101000110011
0001101110010110100110000011011110111110000000111011110010010011
0111110100110010110110001010011110011001000101100011100110000010
0011101000110011111110111000011101011011001000101100101000000110
0110110100010011001010000000011101111011000100110000110000110110
1001110000100111110011110011001011101101101101100011101100110111
1101111110100110110011011000001000011011100100110001111010010111
1010100100100111010011110001011011001011001001100101110010000010
0011101000100011011111101000011000111111000100111110101110000111
1001111110110011101111011001001000001000001000101010111100000110
1110101110000110011010100010011101111010000101101001110110000011
0010110010100010101111100000001101101001000000100101100000100110
0110100110010111010010001000011111011101001101101101111110100110
1010111010000111001010001001011011011001000001101011110010100111
0110111010010011000011000011001010001111000101110111110110110111
1111111000110111000111001011011101011001100001110100111010100011
0011111110000010111110000000011010101011001100111011101110000010
0110111010010011110110001000001011001011101001110110111110000011
0110100100000010100111001010011000001111101001111101100010100111
0101101000100111011010011000011100001000001001110110101110100110
1100101010100010101110000000001010011111101100110100110000010111
1010100000100011101110110011011001011110100100100011110000100111
1111110010010110010010100011001110001100100101100000111010010011
0100110010100010001010111001011101111101100001111101111110010011
1011111000110110101111111000011101111000101000101110101110010010
1001101000100111000110100011011000001110100001101111111100110011
0011111110100110101010101011011101101000000001110010111000110111
0111100110110011000011111000011011111111101100111001101000100011
1011100000000110000111001011011110111110100000101101111000010011
0110110100010011001111001001001010001011000101100110111100010010
1100101000000011011011111000011000011111001101100110111100100111
0001100110010010101010111010011111001001101100101100100100010111
0000111010000010110010100000001010011001101000100010100100100010
0010111000010110111010100010011100011001001001101000110000010111
0111100110010110011010000000011101111010100101110011100010010111
1100101100110110110011100010011111011100101000110100101100010111
1100101110000011101111010011011101011100001101100011110110000010
1101111100110010000111001001001011011101100100100111111010100010
0101111000010110010010110001001000111101100000111100101100100011
1010111000000110110110011001001000111001100000101000100000110110
1100101010000110000110110010011001101111001001111011110110110011
0011110110110111111011110010011101011011001000110011100010000010
0100110000110110011011011011011111011011100100111101100110100011
1010111110100111000111101011001110101010101101111011111110010011
0000111010010011010011000010011111011010100000110011100110000110
1110101010100011001111011001011100101100100001100010111010100110
0010111000000010100011010010001110011100101000101101100010010111
0001110010100110110110011011001111111110100100100010111100110011
0000101100000011100011110000001100011011000001111111100110110011
0111110100110111001011111010011100011100100100100101101010010110
1100111000000110110111111010001011001011000000100110111010100010
1110110100010110101011111011011000001001000101110101100000110011
1101100010110010010010001011011010011001101100100100101110100111
0101110110010010010010110010011101011111000101101001110000110010
1101111100010110101010101000001101001001001100111011111100100010
1101101010110010011011001001011000101100101100101001101000100011
0100111110110010111111100001001000101001101100100111101010010110
0111110010110011010110100011011111011111000001111100100100000011
1001101110000111010111001000011010101101000001101010100100010011
0111100000000110010010101011001010101100101000100010100010000111
1011100010110010010011111010011000111100100100110100111100100111
0110111000000111100011111000001111101001000100101000101000110011
0100100010110010110011111001011111011100001000110011110100010110
0100101110010110111110100000011000101100100101101000100110000010
0001111010010011010110000001001000101001101000110001111100110010
1000111100100010100110100011011011111111001001110110100000000010
1111111100010010111011110001001101101000100000110010101000110110
1111110000010111010011001011001011111011100000110100111010010111
0010100100010010010011111010011101101111000000101000101000100111
1101101010000011110110000011001001101100000001101011111100100111
1001101100100110000011111001011000001100001100111001111010010111
0101111100000011111110011010011100001000100000110100111000110110
0001111110010111001011110011001011011110000001101110110010110110
1110111010010010010111000001011111001101001100101101100100010111
0101110000100110001110001001001111101000001100110110100000000010
1101101010010110001110000010011101001111101001100010110010000011
0110100000010110101010101001011010101000000101101100100100100011
0011100010110110110011110010001110111000100000110010111100100011
0011101110110110110110100011011100111111101101111101101000010011
0100110110100011010010110010011101001000101000110100111010100111
1111110010000011101111110010011011011011100101110011100110110011
1100100000110111110111010011011000011100100101100111110010010010
1011101100010111010111010010001110011010100000100001111000000110
0111101110000110010110101011001101111110100001101101111010010010
1110111110010011100111111000001000011110000001111111110100000111
1001110110010111011111010010011101011111101101111011111100100010
0001111110110110100011111001001100011011101001100011100110110011
0010110000110110011110001000001110011011100000111111100010110110
1000111100010111011011000011011110101010101101101100111110100110
0111110010100011011111010000001111101001100000110010101010100110
1011100000100110010010111001011100101001001100110001101000110110
0110101100100011110110011001001011101000100000101000110010010010
0101101110010110110010111000011011101111100101100111111110000010
0101101110110111111111011011001100011011101101111010111000110010
0101111000010011011010000000011100011001001000100101111110010010
1010110110110111101010011001011110111000101001100001101010000011
1000100000100011101110111010001001011011000001110010110010010010
1011110110110011011010000011001011101111001001100011111010100110
0001101010010110011011010011001000101011000101111100110110010011
1010111010110111110011000010001100101010001101111101111000110111
1101101100110110011011100011011100101000000001101010100000000010
0010101100000010100010000000011100011010001001110010100010110111
0100110100100011010110001011001111111010101101111111111100110010
1110110000110111001011001001011010001100100101111111101000100011
0111100110100010011111000011001110011001100100110101110010110110
1010111100110011000110100010001001111001101000100100110110100111
0110100110110111101110100010001010011111000101101101111010010110
0101110000010010111110010011001111011001100100110000100010110011
0110100010000111101110000010001000001110001101111001110010110010
0001110110000110001011111011011000101000001001110000110100100110
1000101000010111100111111011001011001111000001100010110110110010
1111100110100011100110010001011000011000001101110100110100100111
1011111110000110011010111010011110001000001100100101101000010010
0000110000100110011010111001011000111011001001111101101100100110
1001101000100111110110110011001000001110001001111000110100110010
1101100100000110001010100011011001111000000000101101110000110110
0100110100000011100110010000011101011010100001100101110100000111
0111111100010111011111101000001111111011101101111100100010100111
1101110110000111001110101010011011101000000101101010101000110011
0000100000100111000010010001011110001010000001100111100100010111
1101110110110010001111100010011101111100100101100101110110100010
0111110100010010100010001011011010111101100000111010110000010010
0100100100100010110010000011001010111101000000110110110010000011
0011100000000011101011110010001001101010000001101000111010100111
0100110010010010000011000011001000101000101000110110101010110010
1010110100100010101011100010001010001110101100110110101010010010
1111111110110010101110011000001100101111001000100100100110010111
1110100110110010001011000000001011011011001100100101110110100111
0111110010110010011011001010011000011011001000111000111000100010
1010111100010110101110000010011100001111001101111000111000010111
1111111000010011001011111010011000001100101001111000110010010010
0001110100000011110011100010001101011010100001100110110010100111
0100111010100110011111100001001110011110001101101011100010110110
1000100100100011011111100011011111001111100000111001110100000010
0110110110000010011110010001011111101000101101110110100010100111
1100101110100010000110011000011100111100101101100010100100110011
0111100010000111100011011000001011101101001001111011101100100110
0011110100100011110110011011001110111101001001100101101110110110
0000110100100110111110011011001000101000100000111101111000100111
0000100010000010011010000000001101111110101101100001100110000011
1101100000110111111110010010011011011010100101110010111100010111
1011100010000011110111001001001100101000101101100100110000110011
1000100110100010010010111001001111011101100001100010111010000011
0100110100010011011111100011011001101010100001101011111100010010
1100110100100010110111000001011100001011100100111100110100000011
1011100000010111010110011011001000001011101100101110110000110110
0100110110100110111111101001011001101100101101110100110010110111
0100111110100111000110010000011110001100000000101100110000110011
1001110010100010001010110000001011111111101101101110101100100010
0111110110100110001111100011011111011101101001100010111100110011
1010111010100110011010100011001001111110000101110000100110110111
0011100110100011101111001011011110111111101100111101101000110011
0100101110100111110111110001011110001011000100110101110100110110
0100111110100011100010101000011101101100100101111101100110000111
0110101000100111010010111001011001011000100000110001111110000011
1011101100100011101111100011011010001001001000100110100000000110
1011111100100110111010001000011001101110001100100101100100010011
1011110010000011001010101000011011011000101100100011101010000110
0101101010010011001111001010011001101010001101111111111110100110
1111111000000010111110000001001000011101101101101101100100100010
1011101010110111010011101000011000001101000001101001100000000010
0110110100010110111011010001011000101000100101110011101110010011
0110110010100110000011100010011010011111100101111011100100110111
1110100100010110010111011011001010011101101100111100101010000111
0101100100010010001010110010001110111010001000100111101010100110
1100110110010010001010011001011101101011000000100011110110010110
0011100000100111110011011011011010011011100100111100110110100011
0000101100110011111110010000001011011110101001100001110010110010
0010110110000110111011000011001100101101001001111011100100000011
0100111100110010011110001010001001111101001100100101111110110010
1111100010110110101110001011001010111010001100110011100000010110
1001101100000110100010001011011001001011001001100111101000110110
1011111000000111010111000001001011111011001001100101111000010110
0101101000010010010011010000001001011000000001101001101000100011
1000101000100011101110111000001000011101100100101001111110100011
1001111010110011001110111011001001111000100000101100111100110011
0010100010010111100110110001011000101101100001110001110100000010
0111101110110011000111011000011111111001100100111000110100100010
1001100110110010001011010010011010101100000001101101100110100011
0010101000110110001010011010011010011100001001100001101010010010
1100100000100111000011011001001101111001001000110011101000000010
0000110010010111111011010010001111011111101001101101100100010010
0001110000010110100010010011011110011000101000100010111010000011
0000101010010011100111100001011000001110100100111001110100010010
0000110110100110000011101000011001001010001100110011100110000011
1100110000100010111010110000001111001010100101100110100010000111
1000110100000110100011100011001000101110101000110110101110110011
1110101110010011001111010001011111011111000000100001101100000010
0101101100100010011111111000001000011100100101111101101100100110
1010101010110111110111010001011000001101100001101001110010000011
1010100100110011001111010010001001101000001101111110100110010011
0001110110100011110011001000011101011111100000100000111010010010
0110101110110010001111100001011011101100100101111101111110000011
1000101110100111011110111010001010011011100100101110100000010111
0101100110010011011111100000001010111010000101100111111110110011
1101100100100011000011001011011000011000100000110110111000110111
0011111110110110101011110010011110011000001101101000110000000011
0011110000000110110011010011001010001111001100100110100010010110
0000111010010111100011011010011100001111100000111000100010010010
0010110100000010011011000000011100001110000000100101101110000010
1001101000100010101110000000001111001111101000100110110010100010
1000111000100110101111100010001100011011001000100101110110110110
1010111010110111001110011011011110101111101000110010101010100010
0101111010010111011110000011001101011110101100111101111000100011
1010111110110111101110001011011101001001001000101010111010010011
1000111100010111000010001000001001001100100000111100110110010010
0110111100110011110011100010001001001011000101100111101000100111
0001101110000111001011010011001110111111101101111001101010100110
1011101100110110000011011000011111111001101000111110110010010111
0010111110010011000010011001001010001100100100110010100000000010
1100101100100011001010000001001100101101101000100000100000010110
0001100110000111110110001001001011101101100101111101110000010011
0100100110000111101011001011011011011101001001100110100100010111
0001110100110111110110101010001001101000001101111100101100110111
0100100100010110010110110010011101011110000001110010101110010110
1110110110010010101010100010011011001101001100110010111110010110
1001111110110010111110011010011101001111100100100100110000010110
1010110010000011010010011011011110111001000001100110110000010111
0001111000000111010011100001001000111100000000111101111010010111
1011111010010011100110101010011001011100000000101010100000000010
1110111010010011000110011010011000011011100001101100110010000010
0011111010110011111110001001011000001101101100110111100010010111
0001110110000110010111100001011110011101101001101000100000000111
1011100110100011011010010010001011011110101101111111111000000111
0101111000110010010011100011001111001111001101110100110010100111
1011100010000010001011000010011000001101000101110111111000000111
0100110110000110110010111011011110001010001001101100101000000010
0100110000010010101110010010011011011110001100110110100110000010
0110101000000010101110010001001001101111101000111000101110000010
0101110010010110000110101001011001101011101101110100101110110011
1010111110010110101011010001001010011111100000100000110000010110
1010101110110111111010010010001101111001100101100011111100000111
1100101100100011001011000011011011011100000001110000110110100111
0111100100010011010110011001001000011000001000101100111110000011
1000101000010110101010010010011101101110001001111111100110010110
1011100100010111001010111000011101111000101100101001101000000111
0011110100100110111111101001001001111100000100100011101110110011
0101111100100010010011001011001111101000001101111001101110010111
1000101010010110000011001001011111011110001100101011110000010011
0111101010010110011111110011001011011000001100110100100000000011
1010111000010011010010100001011100001001100101100100111100010110
0100101110110010111010111010011110001010000101111111111100100110
0111100100010110110010100000011010001111101000110011110100110011
0011100010010111100111010001001100011111100100111010111110010010
0010101010000011010011101011001101111001000100100101111100110010
1111110110100110111111101000001010111000101101100001111010000011
1101100000000111110010110001001001101001001101100010110000000010
1001110110010011000010001001001011111011101001100010110110110111
0000110000000011000110011011001100101100101000111000110010100011
1000101010000110110110111011011101001011100101101010100000000010
1010100110000110011011100000001101101000100001111000101110100111
0101111000110111110110011001001001001111100101100011111110100011
0011100000000011000110110000011010011000001101111111100010010010
1011110100100110001010111011001010011100100100111111110100110110
0000100100010111010111000000001111101111001001110000110010100111
1001111100110110011110111000011101101111100000110010111110110111
0101110100110111100111000000001111001000101000111111101110000010
0110101100010011100011101010011011011111000101110111110100100010    