000111010000110000100101110000011110000100100011011001011010111011110011000101010010001100100011110011101110001100010110000010011110100001000000101010111100001001100111100
100110000001101101011100010011010111111000101010010001111111100111000011101010001110000100111111100100100101011001110100101000111101001100001101100010100100110101100101001
111111001110101001010100010011110011000101010011111101000000000001111001111111101101100110011011101111100001101111001011001001001101100000011111101111100001100011010000011
100101010100001110111010011001010110100010000110101110111011110011000101010011111101000001001000001001111011101100101101000001001011110010010011100101100000001100110001000
110011010010001101101011000111001000011000110011010000111110000111100111001001000100101100011101000110100111110111001101100010110011111000100111010100000000110001011000111
111010000011100111110001111101101111001000110110010110101110111100110001010100111111010000100100100111000100100000001110100110001110011111110010111011010101100010001000000
100011101011000111100110100000010110111111001100000010010010110110110010110110001011010111111010111011001010110000011110001000001011100110001010100110100011011100100001111
000011111001011010100100001000000000000000000000000000000000000000000000000000000000000000000000000000110111110001100001101000100111110111110010110000110100101101111000101
011010001000111101010000010100101011110111001011100000001101111001001111000110100000111100001101010101011110100111101100111101110101000000010101010011101101110100011001011
010101111011101110111010000000111100110001010100111111010000011100001001000110110001100111011010101101010100101010110000101111000111100011010010011011100010111000111001111
001101111011011110001010110100000011101001011001011110110001000010001110010111100111110101101011010111100100011100001000111100101011010010110100101000001100011100000000100
001010011000010011100011010010110111010011001101100001100011011110001110010100111001011111111011111010010111001100000100001111110111111101100101010000010101100110100001010
011110000110011111000010111101001111110100011011010100111010000111101001100111011100111000001111000010001111011011000100110111100001111110011011110100101001100111101000111
111101011010100111010010101010111110101011111001000111100010101010011010000100011111000000110111111000100011010111011001000001111010011001000000111011001100000110101010001
101110001110001101000100011000100100011011001011010111011110011000101010011111101000001111001101010100010111000110000011111000110110001001001001000011100001011110011001000
001111101010110010011111000100101101011101111001100101101100010100011010001001000111011101010011100001101011111000000011100101111111100000100100100000101101010001001000101
101000001110000100001110100100111010100001111101101000011001000101011001010111110011011010111100011100001110100101100100110000101101000010001011111011100011001010000000101
011001001100101110111001111000100100011011001011010111011110011000101010011111101000001111001101010100010111010000111011100011110101101001001010010111110100001000111000111
000000101010111110001011100000001111001100000000011001000101000000111010110101000011110000010110101111101001010110101111100110110010011111011101111101100011000111011101100
100001100001010010001101100001110110001111000100101110111011110011000101010011111101000001001000001001111011101100101101000001001011110010001000000111000001010100110001000
110011011100100000010101010100100000000100111011001001001001011010111011010000011000101010000000101000011101001001010001001001011011101101010001000111001111010000100110111
101111001100000110010000010001000010011000111010000011000000101001101100001100100110111001011010000100011110000111011110011011110101010110100101111010101101101001010001100
001001001100110101010101000111000001111110000010000011110111010110101100110000001101010000110011101110000000111111110100001101101000000011101010010101100110011011100000100
011010100101000110011000000110110010111010000001001010111100011000110010110111111101111101101011001111101000000011011110000001100111111011100001100100001101101111000000111
011111001111110010101000110110001101101010010001010010100111011010100110010011010110010101111000101111101111000000000001101101111111001111000011000110000001101000000110101
001110011010010110000100001111111010000011100001001000001110111011111001101010000001110000011010001001000000001100110000101000101101001000111011011010111110101001101010100
111100001000011011110111000110010001111010010000000010111101000010001101010101001111010011110000000000011010000011101111111011111001000111110000010011100011111101011100011
111101100111000001010000001000111000010010001101100101101011101111001100010101001100010110001010110010101010110000001011110100010010100011101110010100010101000101010100100
001100010100100011100010011110101100110110101111010011001011001110010101110011101110001111010101010101110011111111100100000010101100101010000111101001100010100100000101101
111001101101111001100001101110110011000000011111001100001101101011101111001100010101001111001100101010100010110110001010011100001000011101111010000101011101010000000000100
000100110100100100111111100110001001110010110100000101010001010001100000100001111010001111000011010101000111000111001001111101001011111010001100001011001011110001001000100
011111101100110011000111011010111110010110110011110000110110101000001101011000111111111010000011011110100101110100011011001000001000010111010101011000000010001110111010001
001101101100111011001100100010011011011010100000110111111011010100111100001000100001001101010100110001001001010010010011000101110111101101111111010100010110010000000111011
000111110111001011111101011110101110110101100011110100111001001101011110100000110000111101111110110111010100011001110100100111001010000110111001110100101110101101110110001
101101000011001111011101001001100010001011101001101010000001100001000111111110100111110000001011001100000001100110111011101110111011111001001010100101110000101101100111101
001101001010101101000000011101010101110100001111111100101000000100110111011111110000101010111000110111000000001111110110010000001110100010010010101110011111010111110101101
100100000101111110001010001011011001011010111011101111010011111000010111101100001010001110100001111000100110110111010100011110011010100100011110111001111111000101010100011
000001101110001100010000110001101100110101110011001001110001010010010101110001010101100110111111100000001111011011101010101100111100001010010110101010001001100100001101011
001101111111001011010111100111111111011110101110100101100010111100000111111010000011100001110000011011110110001001011010111000101111101110101011010011111000100000110100100
000101101000101010010111011100100101010110010010001001010010111110010100110101001010111011101011001011011000110001101001111001101001110010111001000001111111111110111010111
101010010000110000100010001010111010001000110101100111011101100100110101001110001111010111000101011010110001110010100011011110010110100100010101110001111010010010100110010
001100001011111010101001010010000011100010101010000011001011111011011110011000101000101100011010111000011100000010011011011010110110111011100000000111101011111100000000011
111011011111110101110101011000010100100011010111010001000100110000100001101110000011011011100010111100000000111101100011101101011000010110111110111001011110011111001100001
010110010000101101100110101100001010101010100001110010111011110011000101010011111101000001001000001001111011101100101101000001001011110011111101110100011100110100110001000
110011101011101011111001000101110110001111000011100100100000110110101110011101000111110100000101010010010000011101100001000101000010111100111011101001001000010011001000000
000111000010001000100110110110000000001000100110111111000011111001110011101010100111100100010001110001001111010001101001101110001001010111011110100011110000110101011100010
010000000010111100011011100111110111100101111001011000100001001110100111001100110100000111001100010000111011010101111010100011101111101000110000000101010110011100100111110
000101001001110010110001000000000000000000000000000000000000000000000000000000000000000000000000000000000000000000000000000000000000000000000000000000000000000000000000000
000000000000000000000000000000000000000000000000000000000000000000000000000000000000000000000000000000000000000000000000000000000000000000000000000000000000000000000000000
000000000000000000000000000000000000000000000000000000000000000000000000000000000000000000000000000000000000000000000000000000000000000000000000000000000000000000000000000
000000000000000000000000000000000000000000000000000000000000000000000000000000000000000000000000000000000000000000000000000000000000000000000000000000000000000000000000000
000000000000000000000000000000000000000000000000000000000000000000000000000000000000000000000000000000000000000000000000000000000000000000000000000000000000000000000000000
000000000000000000000000000000000000000000000000000000000000000000000000000000000000000000000000000000000000000000000000000000000000000000000000000000000000000000000000000
000000000000000000000000000000000000000000000000000000000000000000000000000000000000000000000000000000000000000000000000000000000000000000000000000000000000000000000000000
000000000000000000000000000000000000000000000000000000000000000000000000000000000000000000000000000000000000000000000000000000000000000000000000000000000000000000000000000
000000000000000000000000000000000000000000000000000000000000000000000000000000000000000000000000000000000000000000000000000000000000000000000000000000000000000000000000000
000000000000000000000000000000000000000000000000000000000000000000000000000000000000000000000000000000000000000000000000000000000000000000000000000000000000000000000000000
00000  