101010101010101111110000000000101010000010100000
101010101010101111110000000000111010000110100000
101010101010101111110000000000100110000001100000
101010101010101111110000000000101010000010100000
101010101010101111110000000000110110000101100000
101010101010101111110000000000101110000011100000
101010101010101111110000000000111110000111100000
101010101010101111110000000000100001000000010000
101010101010101111110000000000110001000100010000
101010101010101111110000000000111110000111100000
101010101010101111110000000000101001000010010000
101010101010101111110000000000111001000110010000
101010101010101111110000000000100101000001010000
101010101010101111110000000000110101000101010000
101010101010101111110000000000101101000011010000
101010101010101111110000000000100101000001010000
101010101010101111110000000000111101000111010000
101010101010101111110000000000100011000000110000
101010101010101111110000000000110011000100110000
101010101010101111110000000000101011000010110000
101010101010101111110000000000111011000110110000
101010101010101111110000000000110011000100110000
101010101010101111110000000000100111000001110000
101010101010101111110000000000110111000101110000
101010101010101111110000000000110000000100000000
101010101010101111110000000000111111100000000000
001010001000100111110000000000101000000010000000
101010101010101111110000000000111000000110000000
101010101010101111110000000000100100000001000000
101010101010101111110000000000110100000101000000
101010101010101111110000000000101100000011000000
101010101010101111110000000000111100000111000000
101010101010101111110000000000110100000101000000
101010101010101111110000000000100010000000100000
101010101010101111110000000000110010000100100000
101010101010101111110000000000101010000010100000
101010101010101111110000000000111010000110100000
101010101010101111110000000000100110000001100000
101010101010101111110000000000101010000010100000
101010101010101111110000000000110110000101100000
101010101010101111110000000000101110000011100000
101010101010101111110000000000111110000111100000
101010101010101111110000000000100001000000010000
101010101010101111110000000000110001000100010000
101010101010101111110000000000111110000111100000
101010101010101111110000000000101001000010010000
101010101010101111110000000000111001000110010000
101010101010101111110000000000100101000001010000
101010101010101111110000000000110101000101010000
101010101010101111110000000000101101000011010000
101010101010101111110000000000100101000001010000
101010101010101111110000000000111101000111010000
101010101010101111110000000000100011000000110000
101010101010101111110000000000110011000100110000
101010101010101111110000000000101011000010110000
101010101010101111110000000000111011000110110000
101010101010101111110000000000110011000100110000
101010101010101111110000000000100111000001110000
101010101010101111110000000000110111000101110000
101010101010101111110000000000110000000100000000
101010101010101111110000000000111111100000000000
001100010001000111110000000000101000000010000000
101010101010101111110000000000111000000110000000
101010101010101111110000000000100100000001000000
101010101010101111110000000000110100000101000000
101010101010101111110000000000101100000011000000
101010101010101111110000000000111100000111000000
101010101010101111110000000000110100000101000000
101010101010101111110000000000100010000000100000
101010101010101111110000000000110010000100100000
101010101010101111110000000000101010000010100000
101010101010101111110000000000111010000110100000
101010101010101111110000000000100110000001100000
101010101010101111110000000000101010000010100000
101010101010101111110000000000110110000101100000
101010101010101111110000000000101110000011100000
101010101010101111110000000000111110000111100000
101010101010101111110000000000100001000000010000
101010101010101111110000000000110001000100010000
101010101010101111110000000000111110000111100000
101010101010101111110000000000101001000010010000
101010101010101111110000000000111001000110010000
101010101010101111110000000000100101000001010000
101010101010101111110000000000110101000101010000
101010101010101111110000000000101101000011010000
101010101010101111110000000000100101000001010000
101010101010101111110000000000111101000111010000
101010101010101111110000000000100011000000110000
101010101010101111110000000000110011000100110000
101010101010101111110000000000101011000010110000
101010101010101111110000000000111011000110110000
101010101010101111110000000000110011000100110000
101010101010101111110000000000100111000001110000
101010101010101111110000000000110111000101110000
101010101010101111110000000000110000000100000000
101010101010101111110000000000111111100000000000
001010001000100111110000000000101000000010000000
101010101010101111110000000000111000000110000000
101010101010101111110000000000100100000001000000
101010101010101111110000000000110100000101000000
101010101010101111110000000000101100000011000000
101010101010101111110000000000111100000111000000
101010101010101111110000000000110100000101000000
101010101010101111110000000000100010000000100000
101010101010101111110000000000110010000100100000
101010101010101111110000000000101010000010100000
101010101010101111110000000000111010000110100000
101010101010101111110000000000100110000001100000
101010101010101111110000000000101010000010100000
101010101010101111110000000000110110000101100000
101010101010101111110000000000101110000011100000
101010101010101111110000000000111110000111100000
101010101010101111110000000000100001000000010000
101010101010101111110000000000110001000100010000
101010101010101111110000000000111110000111100000
101010101010101111110000000000101001000010010000
101010101010101111110000000000111001000110010000
101010101010101111110000000000100101000001010000
101010101010101111110000000000110101000101010000
101010101010101111110000000000101101000011010000
101010101010101111110000000000100101000001010000
101010101010101111110000000000111101000111010000
101010101010101111110000000000100011000000110000
101010101010101111110000000000110011000100110000
101010101010101111110000000000101011000010110000
101010101010101111110000000000111011000110110000
101010101010101111110000000000110011000100110000
101010101010101111110000000000100111000001110000
101010101010101111110000000000110111000101110000
101010101010101111110000000000110000000100000000
101010101010101111110000000000111111100000000000
001100010001000111110000000000101000000010000000
101010101010101111110000000000111000000110000000
101010101010101111110000000000100100000001000000
101010101010101111110000000000110100000101000000
101010101010101111110000000000101100000011000000
101010101010101111110000000000111100000111000000
101010101010101111110000000000110100000101000000
101010101010101111110000000000100010000000100000
101010101010101111110000000000110010000100100000
101010101010101111110000000000101010000010100000
101010101010101111110000000000111010000110100000
101010101010101111110000000000100110000001100000
101010101010101111110000000000101010000010100000
101010101010101111110000000000110110000101100000
101010101010101111110000000000101110000011100000
101010101010101111110000000000111110000111100000
101010101010101111110000000000100001000000010000
101010101010101111110000000000110001000100010000
101010101010101111110000000000111110000111100000
101010101010101111110000000000101001000010010000
101010101010101111110000000000111001000110010000
101010101010101111110000000000100101000001010000
101010101010101111110000000000110101000101010000
101010101010101111110000000000101101000011010000
101010101010101111110000000000100101000001010000
101010101010101111110000000000111101000111010000
101010101010101111110000000000100011000000110000
101010101010101111110000000000110011000100110000
101010101010101111110000000000101011000010110000
101010101010101111110000000000111011000110110000
101010101010101111110000000000110011000100110000
101010101010101111110000000000100111000001110000
101010101010101111110000000000110111000101110000
101010101010101111110000000000110000000100000000
101010101010101111110000000000111111100000000000
001010001000100111110000000000101000000010000000
101010101010101111110000000000111000000110000000
101010101010101111110000000000100100000001000000
101010101010101111110000000000110100000101000000
101010101010101111110000000000101100000011000000
101010101010101111110000000000111100000111000000
101010101010101111110000000000110100000101000000
101010101010101111110000000000100010000000100000
101010101010101111110000000000110010000100100000
101010101010101111110000000000101010000010100000
101010101010101111110000000000111010000110100000
101010101010101111110000000000100110000001100000
101010101010101111110000000000101010000010100000
101010101010101111110000000000110110000101100000
101010101010101111110000000000101110000011100000
101010101010101111110000000000111110000111100000
101010101010101111110000000000100001000000010000
101010101010101111110000000000110001000100010000
101010101010101111110000000000111110000111100000
101010101010101111110000000000101001000010010000
101010101010101111110000000000111001000110010000
101010101010101111110000000000100101000001010000
101010101010101111110000000000110101000101010000
101010101010101111110000000000101101000011010000
101010101010101111110000000000100101000001010000
101010101010101111110000000000111101000111010000
101010101010101111110000000000100011000000110000
101010101010101111110000000000110011000100110000
101010101010101111110000000000101011000010110000
101010101010101111110000000000111011000110110000
101010101010101111110000000000110011000100110000
101010101010101111110000000000100111000001110000
101010101010101111110000000000110111000101110000
101010101010101111110000000000110000000100000000
101010101010101111110000000000111111100000000000
001100010001000111110000000000101000000010000000
101010101010101111110000000000111000000110000000
101010101010101111110000000000100100000001000000
101010101010101111110000000000110100000101000000
101010101010101111110000000000101100000011000000
101010101010101111110000000000111100000111000000
101010101010101111110000000000110100000101000000
101010101010101111110000000000100010000000100000
101010101010101111110000000000110010000100100000
101010101010101111110000000000101010000010100000
101010101010101111110000000000111010000110100000
101010101010101111110000000000100110000001100000
101010101010101111110000000000101010000010100000
101010101010101111110000000000110110000101100000
101010101010101111110000000000101110000011100000
101010101010101111110000000000111110000111100000
101010101010101111110000000000100001000000010000
101010101010101111110000000000110001000100010000
101010101010101111110000000000111110000111100000
101010101010101111110000000000101001000010010000
101010101010101111110000000000111001000110010000
101010101010101111110000000000100101000001010000
101010101010101111110000000000110101000101010000
101010101010101111110000000000101101000011010000
101010101010101111110000000000100101000001010000
101010101010101111110000000000111101000111010000
101010101010101111110000000000100011000000110000
101010101010101111110000000000110011000100110000
101010101010101111110000000000101011000010110000
101010101010101111110000000000111011000110110000
101010101010101111110000000000110011000100110000
101010101010101111110000000000100111000001110000
101010101010101111110000000000110111000101110000
101010101010101111110000000000110000000100000000
101010101010101111110000000000111111100000000000
001010001000100111110000000000101000000010000000
101010101010101111110000000000111000000110000000
101010101010101111110000000000100100000001000000
101010101010101111110000000000110100000101000000
101010101010101111110000000000101100000011000000
101010101010101111110000000000111100000111000000
101010101010101111110000000000110100000101000000
101010101010101111110000000000100010000000100000
101010101010101111110000000000110010000100100000
101010101010101111110000000000101010000010100000
101010101010101111110000000000111010000110100000
101010101010101111110000000000100110000001100000
101010101010101111110000000000101010000010100000
101010101010101111110000000000110110000101100000
101010101010101111110000000000101110000011100000
101010101010101111110000000000111110000111100000
101010101010101111110000000000100001000000010000
101010101010101111110000000000110001000100010000
101010101010101111110000000000111110000111100000
101010101010101111110000000000101001000010010000
101010101010101111110000000000111001000110010000
101010101010101111110000000000100101000001010000
101010101010101111110000000000110101000101010000
101010101010101111110000000000101101000011010000
101010101010101111110000000000100101000001010000
101010101010101111110000000000111101000111010000
101010101010101111110000000000100011000000110000
101010101010101111110000000000110011000100110000
101010101010101111110000000000101011000010110000
101010101010101111110000000000111011000110110000
101010101010101111110000000000110011000100110000
101010101010101111110000000000100111000001110000
101010101010101111110000000000110111000101110000
101010101010101111110000000000110000000100000000
101010101010101111110000000000111111100000000000
001100010001000111110000000000101000000010000000
101010101010101111110000000000111000000110000000
101010101010101111110000000000100100000001000000
101010101010101111110000000000110100000101000000
101010101010101111110000000000101100000011000000
101010101010101111110000000000111100000111000000
101010101010101111110000000000110100000101000000
101010101010101111110000000000100010000000100000
101010101010101111110000000000110010000100100000
101010101010101111110000000000101010000010100000
101010101010101111110000000000111010000110100000
101010101010101111110000000000100110000001100000
101010101010101111110000000000101010000010100000
101010101010101111110000000000110110000101100000
101010101010101111110000000000101110000011100000
101010101010101111110000000000111110000111100000
101010101010101111110000000000100001000000010000
101010101010101111110000000000110001000100010000
101010101010101111110000000000111110000111100000
101010101010101111110000000000101001000010010000
101010101010101111110000000000111001000110010000
101010101010101111110000000000100101000001010000
101010101010101111110000000000110101000101010000
101010101010101111110000000000101101000011010000
101010101010101111110000000000100101000001010000
101010101010101111110000000000111101000111010000
101010101010101111110000000000100011000000110000
101010101010101111110000000000110011000100110000
101010101010101111110000000000101011000010110000
101010101010101111110000000000111011000110110000
101010101010101111110000000000110011000100110000
101010101010101111110000000000100111000001110000
101010101010101111110000000000110111000101110000
101010101010101111110000000000110000000100000000
101010101010101111110000000000111111100000000000
001010001000100111110000000000101000000010000000
101010101010101111110000000000111000000110000000
101010101010101111110000000000100100000001000000
101010101010101111110000000000110100000101000000
101010101010101111110000000000101100000011000000
101010101010101111110000000000111100000111000000
101010101010101111110000000000110100000101000000
101010101010101111110000000000100010000000100000
101010101010101111110000000000110010000100100000
101010101010101111110000000000101010000010100000
101010101010101111110000000000111010000110100000
101010101010101111110000000000100110000001100000
101010101010101111110000000000101010000010100000
101010101010101111110000000000110110000101100000
101010101010101111110000000000101110000011100000
101010101010101111110000000000111110000111100000
101010101010101111110000000000100001000000010000
101010101010101111110000000000110001000100010000
101010101010101111110000000000111110000111100000
101010101010101111110000000000101001000010010000
101010101010101111110000000000111001000110010000
101010101010101111110000000000100101000001010000
101010101010101111110000000000110101000101010000
101010101010101111110000000000101101000011010000
101010101010101111110000000000100101000001010000
101010101010101111110000000000111101000111010000
101010101010101111110000000000100011000000110000
101010101010101111110000000000110011000100110000
101010101010101111110000000000101011000010110000
101010101010101111110000000000111011000110110000
101010101010101111110000000000110011000100110000
101010101010101111110000000000100111000001110000
101010101010101111110000000000110111000101110000
101010101010101111110000000000110000000100000000
101010101010101111110000000000111111100000000000
001100010001000111110000000000101000000010000000
101010101010101111110000000000111000000110000000
101010101010101111110000000000100100000001000000
101010101010101111110000000000110100000101000000
101010101010101111110000000000101100000011000000
101010101010101111110000000000111100000111000000
101010101010101111110000000000110100000101000000
101010101010101111110000000000100010000000100000
101010101010101111110000000000110010000100100000
101010101010101111110000000000101010000010100000
101010101010101111110000000000111010000110100000
101010101010101111110000000000100110000001100000
101010101010101111110000000000101010000010100000
101010101010101111110000000000110110000101100000
101010101010101111110000000000101110000011100000
101010101010101111110000000000111110000111100000
101010101010101111110000000000100001000000010000
101010101010101111110000000000110001000100010000
101010101010101111110000000000111110000111100000
101010101010101111110000000000101001000010010000
101010101010101111110000000000111001000110010000
101010101010101111110000000000100101000001010000
101010101010101111110000000000110101000101010000
101010101010101111110000000000101101000011010000
101010101010101111110000000000100101000001010000
101010101010101111110000000000111101000111010000
101010101010101111110000000000100011000000110000
101010101010101111110000000000110011000100110000
101010101010101111110000000000101011000010110000
101010101010101111110000000000111011000110110000
101010101010101111110000000000110011000100110000
101010101010101111110000000000100111000001110000
101010101010101111110000000000110111000101110000
101010101010101111110000000000110000000100000000
101010101010101111110000000000111111100000000000
001010001000100111110000000000101000000010000000
101010101010101111110000000000111000000110000000
101010101010101111110000000000100100000001000000
101010101010101111110000000000110100000101000000
101010101010101111110000000000101100000011000000
101010101010101111110000000000111100000111000000
101010101010101111110000000000110100000101000000
101010101010101111110000000000100010000000100000
101010101010101111110000000000110010000100100000
101010101010101111110000000000101010000010100000
101010101010101111110000000000111010000110100000
101010101010101111110000000000100110000001100000
101010101010101111110000000000101010000010100000
101010101010101111110000000000110110000101100000
101010101010101111110000000000101110000011100000
101010101010101111110000000000111110000111100000
101010101010101111110000000000100001000000010000
101010101010101111110000000000110001000100010000
101010101010101111110000000000111110000111100000
101010101010101111110000000000101001000010010000
101010101010101111110000000000111001000110010000
101010101010101111110000000000100101000001010000
101010101010101111110000000000110101000101010000
101010101010101111110000000000101101000011010000
101010101010101111110000000000100101000001010000
101010101010101111110000000000111101000111010000
101010101010101111110000000000100011000000110000
101010101010101111110000000000110011000100110000
101010101010101111110000000000101011000010110000
101010101010101111110000000000111011000110110000
101010101010101111110000000000110011000100110000
101010101010101111110000000000100111000001110000
101010101010101111110000000000110111000101110000
101010101010101111110000000000110000000100000000
101010101010101111110000000000111111100000000000
001100010001000111110000000000101000000010000000
101010101010101111110000000000111000000110000000
101010101010101111110000000000100100000001000000
101010101010101111110000000000110100000101000000
101010101010101111110000000000101100000011000000
101010101010101111110000000000111100000111000000
101010101010101111110000000000110100000101000000
101010101010101111110000000000100010000000100000
101010101010101111110000000000110010000100100000
101010101010101111110000000000101010000010100000
101010101010101111110000000000111010000110100000
101010101010101111110000000000100110000001100000
101010101010101111110000000000101010000010100000
101010101010101111110000000000110110000101100000
101010101010101111110000000000101110000011100000
101010101010101111110000000000111110000111100000
101010101010101111110000000000100001000000010000
101010101010101111110000000000110001000100010000
101010101010101111110000000000111110000111100000
101010101010101111110000000000101001000010010000
101010101010101111110000000000111001000110010000
101010101010101111110000000000100101000001010000
101010101010101111110000000000110101000101010000
101010101010101111110000000000101101000011010000
101010101010101111110000000000100101000001010000
101010101010101111110000000000111101000111010000
101010101010101111110000000000100011000000110000
101010101010101111110000000000110011000100110000
101010101010101111110000000000101011000010110000
101010101010101111110000000000111011000110110000
101010101010101111110000000000110011000100110000
101010101010101111110000000000100111000001110000
101010101010101111110000000000110111000101110000
101010101010101111110000000000110000000100000000
101010101010101111110000000000111111100000000000
001010001000100111110000000000101000000010000000
101010101010101111110000000000111000000110000000
101010101010101111110000000000100100000001000000
101010101010101111110000000000110100000101000000
101010101010101111110000000000101100000011000000
101010101010101111110000000000111100000111000000
101010101010101111110000000000110100000101000000
101010101010101111110000000000100010000000100000
101010101010101111110000000000110010000100100000
101010101010101111110000000000101010000010100000
101010101010101111110000000000111010000110100000
101010101010101111110000000000100110000001100000
101010101010101111110000000000101010000010100000
101010101010101111110000000000110110000101100000
101010101010101111110000000000101110000011100000
101010101010101111110000000000111110000111100000
101010101010101111110000000000100001000000010000
101010101010101111110000000000110001000100010000
101010101010101111110000000000111110000111100000
101010101010101111110000000000101001000010010000
101010101010101111110000000000111001000110010000
101010101010101111110000000000100101000001010000
101010101010101111110000000000110101000101010000
101010101010101111110000000000101101000011010000
101010101010101111110000000000100101000001010000
101010101010101111110000000000111101000111010000
101010101010101111110000000000100011000000110000
101010101010101111110000000000110011000100110000
101010101010101111110000000000101011000010110000
101010101010101111110000000000111011000110110000
101010101010101111110000000000110011000100110000
101010101010101111110000000000100111000001110000
101010101010101111110000000000110111000101110000
101010101010101111110000000000110000000100000000
101010101010101111110000000000111111100000000000
001100010001000111110000000000101000000010000000
101010101010101111110000000000111000000110000000
101010101010101111110000000000100100000001000000
101010101010101111110000000000110100000101000000
101010101010101111110000000000101100000011000000
101010101010101111110000000000111100000111000000
101010101010101111110000000000110100000101000000
101010101010101111110000000000100010000000100000
101010101010101111110000000000110010000100100000
101010101010101111110000000000101010000010100000
101010101010101111110000000000111010000110100000
101010101010101111110000000000100110000001100000
101010101010101111110000000000101010000010100000
101010101010101111110000000000110110000101100000
101010101010101111110000000000101110000011100000
101010101010101111110000000000111110000111100000
101010101010101111110000000000100001000000010000
101010101010101111110000000000110001000100010000
101010101010101111110000000000111110000111100000
101010101010101111110000000000101001000010010000
101010101010101111110000000000111001000110010000
101010101010101111110000000000100101000001010000
101010101010101111110000000000110101000101010000
101010101010101111110000000000101101000011010000
101010101010101111110000000000100101000001010000
101010101010101111110000000000111101000111010000
101010101010101111110000000000100011000000110000
101010101010101111110000000000110011000100110000
101010101010101111110000000000101011000010110000
101010101010101111110000000000111011000110110000
101010101010101111110000000000110011000100110000
101010101010101111110000000000100111000001110000
101010101010101111110000000000110111000101110000
101010101010101111110000000000110000000100000000
101010101010101111110000000000111111100000000000
001010001000100111110000000000101000000010000000
101010101010101111110000000000111000000110000000
101010101010101111110000000000100100000001000000
101010101010101111110000000000110100000101000000
101010101010101111110000000000101100000011000000
101010101010101111110000000000111100000111000000
101010101010101111110000000000110100000101000000
101010101010101111110000000000100010000000100000
101010101010101111110000000000110010000100100000
101010101010101111110000000000101010000010100000
101010101010101111110000000000111010000110100000
101010101010101111110000000000100110000001100000
101010101010101111110000000000101010000010100000
101010101010101111110000000000110110000101100000
101010101010101111110000000000101110000011100000
101010101010101111110000000000111110000111100000
101010101010101111110000000000100001000000010000
101010101010101111110000000000110001000100010000
101010101010101111110000000000111110000111100000
101010101010101111110000000000101001000010010000
101010101010101111110000000000111001000110010000
101010101010101111110000000000100101000001010000
101010101010101111110000000000110101000101010000
101010101010101111110000000000101101000011010000
101010101010101111110000000000100101000001010000
101010101010101111110000000000111101000111010000
101010101010101111110000000000100011000000110000
101010101010101111110000000000110011000100110000
101010101010101111110000000000101011000010110000
101010101010101111110000000000111011000110110000
101010101010101111110000000000110011000100110000
101010101010101111110000000000100111000001110000
101010101010101111110000000000110111000101110000
101010101010101111110000000000110000000100000000
101010101010101111110000000000111111100000000000
001100010001000111110000000000101000000010000000
101010101010101111110000000000111000000110000000
101010101010101111110000000000100100000001000000
101010101010101111110000000000110100000101000000
101010101010101111110000000000101100000011000000
101010101010101111110000000000111100000111000000
101010101010101111110000000000110100000101000000
101010101010101111110000000000100010000000100000
101010101010101111110000000000110010000100100000
101010101010101111110000000000101010000010100000
101010101010101111110000000000111010000110100000
101010101010101111110000000000100110000001100000
101010101010101111110000000000101010000010100000
101010101010101111110000000000110110000101100000
101010101010101111110000000000101110000011100000
101010101010101111110000000000111110000111100000
101010101010101111110000000000100001000000010000
101010101010101111110000000000110001000100010000
101010101010101111110000000000111110000111100000
101010101010101111110000000000101001000010010000
101010101010101111110000000000111001000110010000
101010101010101111110000000000100101000001010000
101010101010101111110000000000110101000101010000
101010101010101111110000000000101101000011010000
101010101010101111110000000000100101000001010000
101010101010101111110000000000111101000111010000
101010101010101111110000000000100011000000110000
101010101010101111110000000000110011000100110000
101010101010101111110000000000101011000010110000
101010101010101111110000000000111011000110110000
101010101010101111110000000000110011000100110000
101010101010101111110000000000100111000001110000
101010101010101111110000000000110111000101110000
101010101010101111110000000000110000000100000000
101010101010101111110000000000111111100000000000
001010001000100111110000000000101000000010000000
101010101010101111110000000000111000000110000000
101010101010101111110000000000100100000001000000
101010101010101111110000000000110100000101000000
101010101010101111110000000000101100000011000000
101010101010101111110000000000111100000111000000
101010101010101111110000000000110100000101000000
101010101010101111110000000000100010000000100000
101010101010101111110000000000110010000100100000
101010101010101111110000000000101010000010100000
101010101010101111110000000000111010000110100000
101010101010101111110000000000100110000001100000
101010101010101111110000000000101010000010100000
101010101010101111110000000000110110000101100000
101010101010101111110000000000101110000011100000
101010101010101111110000000000111110000111100000
101010101010101111110000000000100001000000010000
101010101010101111110000000000110001000100010000
101010101010101111110000000000111110000111100000
101010101010101111110000000000101001000010010000
101010101010101111110000000000111001000110010000
101010101010101111110000000000100101000001010000
101010101010101111110000000000110101000101010000
101010101010101111110000000000101101000011010000
101010101010101111110000000000100101000001010000
101010101010101111110000000000111101000111010000
101010101010101111110000000000100011000000110000
101010101010101111110000000000110011000100110000
101010101010101111110000000000101011000010110000
101010101010101111110000000000111011000110110000
101010101010101111110000000000110011000100110000
101010101010101111110000000000100111000001110000
101010101010101111110000000000110111000101110000
101010101010101111110000000000110000000100000000
101010101010101111110000000000111111100000000000
001100010001000111110000000000101000000010000000
101010101010101111110000000000111000000110000000
101010101010101111110000000000100100000001000000
101010101010101111110000000000110100000101000000
101010101010101111110000000000101100000011000000
101010101010101111110000000000111100000111000000
101010101010101111110000000000110100000101000000
101010101010101111110000000000100010000000100000
101010101010101111110000000000110010000100100000
101010101010101111110000000000101010000010100000
101010101010101111110000000000111010000110100000
101010101010101111110000000000100110000001100000
101010101010101111110000000000101010000010100000
101010101010101111110000000000110110000101100000
101010101010101111110000000000101110000011100000
101010101010101111110000000000111110000111100000
101010101010101111110000000000100001000000010000
101010101010101111110000000000110001000100010000
101010101010101111110000000000111110000111100000
101010101010101111110000000000101001000010010000
101010101010101111110000000000111001000110010000
101010101010101111110000000000100101000001010000
101010101010101111110000000000110101000101010000
101010101010101111110000000000101101000011010000
101010101010101111110000000000100101000001010000
101010101010101111110000000000111101000111010000
101010101010101111110000000000100011000000110000
101010101010101111110000000000110011000100110000
101010101010101111110000000000101011000010110000
101010101010101111110000000000111011000110110000
101010101010101111110000000000110011000100110000
101010101010101111110000000000100111000001110000
101010101010101111110000000000110111000101110000
101010101010101111110000000000110000000100000000
101010101010101111110000000000111111100000000000
001010001000100111110000000000101000000010000000
101010101010101111110000000000111000000110000000
101010101010101111110000000000100100000001000000
101010101010101111110000000000110100000101000000
101010101010101111110000000000101100000011000000
101010101010101111110000000000111100000111000000
101010101010101111110000000000110100000101000000
101010101010101111110000000000100010000000100000
101010101010101111110000000000110010000100100000
101010101010101111110000000000101010000010100000
101010101010101111110000000000111010000110100000
101010101010101111110000000000100110000001100000
101010101010101111110000000000101010000010100000
101010101010101111110000000000110110000101100000
101010101010101111110000000000101110000011100000
101010101010101111110000000000111110000111100000
101010101010101111110000000000100001000000010000
101010101010101111110000000000110001000100010000
101010101010101111110000000000111110000111100000
101010101010101111110000000000101001000010010000
101010101010101111110000000000111001000110010000
101010101010101111110000000000100101000001010000
101010101010101111110000000000110101000101010000
101010101010101111110000000000101101000011010000
101010101010101111110000000000100101000001010000
101010101010101111110000000000111101000111010000
101010101010101111110000000000100011000000110000
101010101010101111110000000000110011000100110000
101010101010101111110000000000101011000010110000
101010101010101111110000000000111011000110110000
101010101010101111110000000000110011000100110000
101010101010101111110000000000100111000001110000
101010101010101111110000000000110111000101110000
101010101010101111110000000000110000000100000000
101010101010101111110000000000111111100000000000
001100010001000111110000000000101000000010000000
101010101010101111110000000000111000000110000000
101010101010101111110000000000100100000001000000
101010101010101111110000000000110100000101000000
101010101010101111110000000000101100000011000000
101010101010101111110000000000111100000111000000
101010101010101111110000000000110100000101000000
101010101010101111110000000000100010000000100000
101010101010101111110000000000110010000100100000
101010101010101111110000000000101010000010100000
101010101010101111110000000000111010000110100000
101010101010101111110000000000100110000001100000
101010101010101111110000000000101010000010100000
101010101010101111110000000000110110000101100000
101010101010101111110000000000101110000011100000
101010101010101111110000000000111110000111100000
101010101010101111110000000000100001000000010000
101010101010101111110000000000110001000100010000
101010101010101111110000000000111110000111100000
101010101010101111110000000000101001000010010000
101010101010101111110000000000111001000110010000
101010101010101111110000000000100101000001010000
101010101010101111110000000000110101000101010000
101010101010101111110000000000101101000011010000
101010101010101111110000000000100101000001010000
101010101010101111110000000000111101000111010000
101010101010101111110000000000100011000000110000
101010101010101111110000000000110011000100110000
101010101010101111110000000000101011000010110000
101010101010101111110000000000111011000110110000
101010101010101111110000000000110011000100110000
101010101010101111110000000000100111000001110000
101010101010101111110000000000110111000101110000
101010101010101111110000000000110000000100000000
101010101010101111110000000000111111100000000000
001010001000100111110000000000101000000010000000
101010101010101111110000000000111000000110000000
101010101010101111110000000000100100000001000000
101010101010101111110000000000110100000101000000
101010101010101111110000000000101100000011000000
101010101010101111110000000000111100000111000000
101010101010101111110000000000110100000101000000
101010101010101111110000000000100010000000100000
101010101010101111110000000000110010000100100000
101010101010101111110000000000101010000010100000
101010101010101111110000000000111010000110100000
101010101010101111110000000000100110000001100000
101010101010101111110000000000101010000010100000
101010101010101111110000000000110110000101100000
101010101010101111110000000000101110000011100000
101010101010101111110000000000111110000111100000
101010101010101111110000000000100001000000010000
101010101010101111110000000000110001000100010000
101010101010101111110000000000111110000111100000
101010101010101111110000000000101001000010010000
101010101010101111110000000000111001000110010000
101010101010101111110000000000100101000001010000
101010101010101111110000000000110101000101010000
101010101010101111110000000000101101000011010000
101010101010101111110000000000100101000001010000
101010101010101111110000000000111101000111010000
101010101010101111110000000000100011000000110000
101010101010101111110000000000110011000100110000
101010101010101111110000000000101011000010110000
101010101010101111110000000000111011000110110000
101010101010101111110000000000110011000100110000
101010101010101111110000000000100111000001110000
101010101010101111110000000000110111000101110000
101010101010101111110000000000110000000100000000
101010101010101111110000000000111111100000000000
001100010001000111110000000000101000000010000000
101010101010101111110000000000111000000110000000
101010101010101111110000000000100100000001000000
101010101010101111110000000000110100000101000000
101010101010101111110000000000101100000011000000
101010101010101111110000000000111100000111000000
101010101010101111110000000000110100000101000000
101010101010101111110000000000100010000000100000
101010101010101111110000000000110010000100100000
101010101010101111110000000000101010000010100000
101010101010101111110000000000111010000110100000
101010101010101111110000000000100110000001100000
101010101010101111110000000000101010000010100000
101010101010101111110000000000110110000101100000
101010101010101111110000000000101110000011100000
101010101010101111110000000000111110000111100000
101010101010101111110000000000100001000000010000
101010101010101111110000000000110001000100010000
101010101010101111110000000000111110000111100000
101010101010101111110000000000101001000010010000
101010101010101111110000000000111001000110010000
101010101010101111110000000000100101000001010000
101010101010101111110000000000110101000101010000
101010101010101111110000000000101101000011010000
101010101010101111110000000000100101000001010000
101010101010101111110000000000111101000111010000
101010101010101111110000000000100011000000110000
101010101010101111110000000000110011000100110000
101010101010101111110000000000101011000010110000
101010101010101111110000000000111011000110110000
101010101010101111110000000000110011000100110000
101010101010101111110000000000100111000001110000
101010101010101111110000000000110111000101110000
101010101010101111110000000000110000000100000000
101010101010101111110000000000111111100000000000
001010001000100111110000000000101000000010000000
101010101010101111110000000000111000000110000000
101010101010101111110000000000100100000001000000
101010101010101111110000000000110100000101000000
101010101010101111110000000000101100000011000000
101010101010101111110000000000111100000111000000
101010101010101111110000000000110100000101000000
101010101010101111110000000000100010000000100000
101010101010101111110000000000110010000100100000
101010101010101111110000000000101010000010100000
101010101010101111110000000000111010000110100000
101010101010101111110000000000100110000001100000
101010101010101111110000000000101010000010100000
101010101010101111110000000000110110000101100000
101010101010101111110000000000101110000011100000
101010101010101111110000000000111110000111100000
101010101010101111110000000000100001000000010000
101010101010101111110000000000110001000100010000
101010101010101111110000000000111110000111100000
101010101010101111110000000000101001000010010000
101010101010101111110000000000111001000110010000
101010101010101111110000000000100101000001010000
101010101010101111110000000000110101000101010000
101010101010101111110000000000101101000011010000
101010101010101111110000000000100101000001010000
101010101010101111110000000000111101000111010000
101010101010101111110000000000100011000000110000
101010101010101111110000000000110011000100110000
101010101010101111110000000000101011000010110000
101010101010101111110000000000111011000110110000
101010101010101111110000000000110011000100110000
101010101010101111110000000000100111000001110000
101010101010101111110000000000110111000101110000
101010101010101111110000000000110000000100000000
101010101010101111110000000000111111100000000000
001100010001000111110000000000101000000010000000
101010101010101111110000000000111000000110000000
101010101010101111110000000000100100000001000000
101010101010101111110000000000110100000101000000
101010101010101111110000000000101100000011000000
101010101010101111110000000000111100000111000000
101010101010101111110000000000110100000101000000
101010101010101111110000000000100010000000100000
101010101010101111110000000000110010000100100000
101010101010101111110000000000101010000010100000
101010101010101111110000000000111010000110100000
101010101010101111110000000000100110000001100000
101010101010101111110000000000101010000010100000
101010101010101111110000000000110110000101100000
101010101010101111110000000000101110000011100000
101010101010101111110000000000111110000111100000
101010101010101111110000000000100001000000010000
101010101010101111110000000000110001000100010000
101010101010101111110000000000111110000111100000
101010101010101111110000000000101001000010010000
101010101010101111110000000000111001000110010000
101010101010101111110000000000100101000001010000
101010101010101111110000000000110101000101010000
101010101010101111110000000000101101000011010000
101010101010101111110000000000100101000001010000
101010101010101111110000000000111101000111010000
101010101010101111110000000000100011000000110000
101010101010101111110000000000110011000100110000
101010101010101111110000000000101011000010110000
101010101010101111110000000000111011000110110000
101010101010101111110000000000110011000100110000
101010101010101111110000000000100111000001110000
101010101010101111110000000000110111000101110000
101010101010101111110000000000110000000100000000
101010101010101111110000000000111111100000000000
001010001000100111110000000000101000000010000000
101010101010101111110000000000111000000110000000
101010101010101111110000000000100100000001000000
101010101010101111110000000000110100000101000000
101010101010101111110000000000101100000011000000
101010101010101111110000000000111100000111000000
101010101010101111110000000000110100000101000000
101010101010101111110000000000100010000000100000
101010101010101111110000000000110010000100100000
101010101010101111110000000000101010000010100000
101010101010101111110000000000111010000110100000
101010101010101111110000000000100110000001100000
101010101010101111110000000000101010000010100000
101010101010101111110000000000110110000101100000
101010101010101111110000000000101110000011100000
101010101010101111110000000000111110000111100000
101010101010101111110000000000100001000000010000
101010101010101111110000000000110001000100010000
101010101010101111110000000000111110000111100000
101010101010101111110000000000101001000010010000
101010101010101111110000000000111001000110010000
101010101010101111110000000000100101000001010000
101010101010101111110000000000110101000101010000
101010101010101111110000000000101101000011010000
101010101010101111110000000000100101000001010000
101010101010101111110000000000111101000111010000
101010101010101111110000000000100011000000110000
101010101010101111110000000000110011000100110000
101010101010101111110000000000101011000010110000
101010101010101111110000000000111011000110110000
101010101010101111110000000000110011000100110000
101010101010101111110000000000100111000001110000
101010101010101111110000000000110111000101110000
101010101010101111110000000000110000000100000000
101010101010101111110000000000111111100000000000
001100010001000111110000000000101000000010000000
101010101010101111110000000000111000000110000000
101010101010101111110000000000100100000001000000
101010101010101111110000000000110100000101000000
101010101010101111110000000000101100000011000000
101010101010101111110000000000111100000111000000
101010101010101111110000000000110100000101000000
101010101010101111110000000000100010000000100000
101010101010101111110000000000110010000100100000
101010101010101111110000000000101010000010100000
101010101010101111110000000000111010000110100000
101010101010101111110000000000100110000001100000
101010101010101111110000000000101010000010100000
101010101010101111110000000000110110000101100000
101010101010101111110000000000101110000011100000
101010101010101111110000000000111110000111100000
101010101010101111110000000000100001000000010000
101010101010101111110000000000110001000100010000
101010101010101111110000000000111110000111100000
101010101010101111110000000000101001000010010000
101010101010101111110000000000111001000110010000
101010101010101111110000000000100101000001010000
101010101010101111110000000000110101000101010000
101010101010101111110000000000101101000011010000
101010101010101111110000000000100101000001010000
101010101010101111110000000000111101000111010000
101010101010101111110000000000100011000000110000
101010101010101111110000000000110011000100110000
101010101010101111110000000000101011000010110000
101010101010101111110000000000111011000110110000
101010101010101111110000000000110011000100110000
101010101010101111110000000000100111000001110000
101010101010101111110000000000110111000101110000
101010101010101111110000000000110000000100000000
101010101010101111110000000000110000000100000000
101010101010101111110000000000110000000100000000
101010101010101111110000000000110000000100000000
101010101010101111110000000000110000000100000000
101010101010101111110000000000110000000100000000
101010101010101111110000000000110000000100000000
101010101010101111110000000000110000000100000000
101010101010101111110000000000110000000100000000
101010101010101111110000000000110000000100000000
101010101010101111110000000000110000000100000000
101010101010101111110000000000110000000100000000
101010101010101111110000000000111111100000000000
001010001000100111110000000000101000000010000000
101010101010101111110000000000111000000110000000
101010101010101111110000000000100100000001000000
101010101010101111110000000000110100000101000000
101010101010101111110000000000101100000011000000
101010101010101111110000000000111100000111000000
101010101010101111110000000000110100000101000000
101010101010101111110000000000100010000000100000
101010101010101111110000000000110010000100100000
101010101010101111110000000000101010000010100000
101010101010101111110000000000111010000110100000
101010101010101111110000000000100110000001100000
101010101010101111110000000000101010000010100000
101010101010101111110000000000110110000101100000
101010101010101111110000000000101110000011100000
101010101010101111110000000000111110000111100000
101010101010101111110000000000100001000000010000
101010101010101111110000000000110001000100010000
101010101010101111110000000000111110000111100000
101010101010101111110000000000101001000010010000
101010101010101111110000000000111001000110010000
101010101010101111110000000000100101000001010000
101010101010101111110000000000110101000101010000
101010101010101111110000000000101101000011010000
101010101010101111110000000000100101000001010000
101010101010101111110000000000111101000111010000
101010101010101111110000000000100011000000110000
101010101010101111110000000000110011000100110000
101010101010101111110000000000101011000010110000
101010101010101111110000000000111011000110110000
101010101010101111110000000000110011000100110000
101010101010101111110000000000100111000001110000
101010101010101111110000000000110111000101110000
101010101010101111110000000000110000000100000000
101010101010101111110000000000111111100000000000
001100010001000111110000000000101000000010000000
101010101010101111110000000000111000000110000000
101010101010101111110000000000100100000001000000
101010101010101111110000000000110100000101000000
101010101010101111110000000000101100000011000000
101010101010101111110000000000111100000111000000
101010101010101111110000000000110100000101000000
101010101010101111110000000000100010000000100000
101010101010101111110000000000110010000100100000
101010101010101111110000000000101010000010100000
101010101010101111110000000000111010000110100000
101010101010101111110000000000100110000001100000
101010101010101111110000000000101010000010100000
101010101010101111110000000000110110000101100000
101010101010101111110000000000101110000011100000
101010101010101111110000000000111110000111100000
101010101010101111110000000000100001000000010000
101010101010101111110000000000110001000100010000
101010101010101111110000000000111110000111100000
101010101010101111110000000000101001000010010000
101010101010101111110000000000111001000110010000
101010101010101111110000000000100101000001010000
101010101010101111110000000000110101000101010000
101010101010101111110000000000101101000011010000
101010101010101111110000000000100101000001010000
101010101010101111110000000000111101000111010000
101010101010101111110000000000100011000000110000
101010101010101111110000000000110011000100110000
101010101010101111110000000000101011000010110000
101010101010101111110000000000111011000110110000
101010101010101111110000000000110011000100110000
101010101010101111110000000000100111000001110000
101010101010101111110000000000110111000101110000
101010101010101111110000000000110000000100000000
101010101010101111110000000000111111100000000000
001010001000100111110000000000101000000010000000
101010101010101111110000000000111000000110000000
101010101010101111110000000000100100000001000000
101010101010101111110000000000110100000101000000
101010101010101111110000000000101100000011000000
101010101010101111110000000000111100000111000000
101010101010101111110000000000110100000101000000
101010101010101111110000000000100010000000100000
101010101010101111110000000000110010000100100000
101010101010101111110000000000101010000010100000
101010101010101111110000000000111010000110100000
101010101010101111110000000000100110000001100000
101010101010101111110000000000101010000010100000
101010101010101111110000000000110110000101100000
101010101010101111110000000000101110000011100000
101010101010101111110000000000111110000111100000
101010101010101111110000000000100001000000010000
101010101010101111110000000000110001000100010000
101010101010101111110000000000111110000111100000
101010101010101111110000000000101001000010010000
101010101010101111110000000000111001000110010000
101010101010101111110000000000100101000001010000
101010101010101111110000000000110101000101010000
101010101010101111110000000000101101000011010000
101010101010101111110000000000100101000001010000
101010101010101111110000000000111101000111010000
101010101010101111110000000000100011000000110000
101010101010101111110000000000110011000100110000
101010101010101111110000000000101011000010110000
101010101010101111110000000000111011000110110000
101010101010101111110000000000110011000100110000
101010101010101111110000000000100111000001110000
101010101010101111110000000000110111000101110000
101010101010101111110000000000110000000100000000
101010101010101111110000000000111111100000000000
001100010001000111110000000000101000000010000000
101010101010101111110000000000111000000110000000
101010101010101111110000000000100100000001000000
101010101010101111110000000000110100000101000000
101010101010101111110000000000101100000011000000
101010101010101111110000000000111100000111000000
101010101010101111110000000000110100000101000000
101010101010101111110000000000100010000000100000
101010101010101111110000000000110010000100100000
101010101010101111110000000000101010000010100000
101010101010101111110000000000111010000110100000
101010101010101111110000000000100110000001100000
101010101010101111110000000000101010000010100000
101010101010101111110000000000110110000101100000
101010101010101111110000000000101110000011100000
101010101010101111110000000000111110000111100000
101010101010101111110000000000100001000000010000
101010101010101111110000000000110001000100010000
101010101010101111110000000000111110000111100000
101010101010101111110000000000101001000010010000
101010101010101111110000000000111001000110010000
101010101010101111110000000000100101000001010000
101010101010101111110000000000110101000101010000
101010101010101111110000000000101101000011010000
101010101010101111110000000000100101000001010000
101010101010101111110000000000111101000111010000
101010101010101111110000000000100011000000110000
101010101010101111110000000000110011000100110000
101010101010101111110000000000101011000010110000
101010101010101111110000000000111011000110110000
101010101010101111110000000000110011000100110000
101010101010101111110000000000100111000001110000
101010101010101111110000000000110111000101110000
101010101010101111110000000000110000000100000000
101010101010101111110000000000111111100000000000
001010001000100111110000000000101000000010000000
101010101010101111110000000000111000000110000000
101010101010101111110000000000100100000001000000
101010101010101111110000000000110100000101000000
101010101010101111110000000000101100000011000000
101010101010101111110000000000111100000111000000
101010101010101111110000000000110100000101000000
101010101010101111110000000000100010000000100000
101010101010101111110000000000110010000100100000
101010101010101111110000000000101010000010100000
101010101010101111110000000000111010000110100000
101010101010101111110000000000100110000001100000
101010101010101111110000000000101010000010100000
101010101010101111110000000000110110000101100000
101010101010101111110000000000101110000011100000
101010101010101111110000000000111110000111100000
101010101010101111110000000000100001000000010000
101010101010101111110000000000110001000100010000
101010101010101111110000000000111110000111100000
101010101010101111110000000000101001000010010000
101010101010101111110000000000111001000110010000
101010101010101111110000000000100101000001010000
101010101010101111110000000000110101000101010000
101010101010101111110000000000101101000011010000
101010101010101111110000000000100101000001010000
101010101010101111110000000000111101000111010000
101010101010101111110000000000100011000000110000
101010101010101111110000000000110011000100110000
